version: 1
creator: callgrind-3.9.0
pid: 24663
cmd:  ./um
part: 1


desc: I1 cache: 
desc: D1 cache: 
desc: LL cache: 

desc: Timerange: Basic block 0 - 62240
desc: Trigger: Program termination

positions: instr line
events: Ir
summary: 340588


ob=(7) /h/dbessy01/Desktop/comp40/um/SUBMIT/um
fl=(54) ???
fn=(304) 0x0000000000401030
0x400f80 0 1
+5 0 1
+1 0 1
+6 0 1
+4 0 1
+3 0 1
+3 0 1
+4 0 1
+3 0 1
+3 0 1
+2 0 1
+1 0 1
0x401030 0 1
+8 0 1
+32 0 1

fn=(314) 0x0000000000405ae0
0x405ae0 0 1
+1 0 1
+3 0 1
+1 0 1
+5 0 1
+4 0 1
+7 0 1
+4 0 1
+22 0 1
+4 0 1
+1 0 1
+1 0 1

fn=(274) 0x0000000000400f00
0x400f00 0 1
+2 0 1
+3 0 1
+1 0 1
+3 0 1
+4 0 1
+1 0 1
+1 0 1
+7 0 1
+7 0 1
+7 0 1
cob=(3) /lib64/libc-2.12.so
cfi=(57) /usr/src/debug/glibc-2.12-2-gc4ccff1/csu/libc-start.c
cfn=(288) (below main)
calls=1 0x30f221ec60 96 
* 0 7554
cob=(1) /lib64/ld-2.12.so
cfi=(55) /usr/src/debug////////glibc-2.12-2-gc4ccff1/elf/../sysdeps/x86_64/dl-trampoline.S
cfn=(282) _dl_runtime_resolve
calls=1 0x30f1e14830 30 
* 0 1797
* 0 5

fn=(298) 0x0000000000400f2c
0x400f2c 0 1
+4 0 1
+7 0 1
+3 0 1
+4 0 1
+4 0 1

fn=(366) 0x0000000000400f50
0x400f50 0 1
+5 0 1
+1 0 1
+6 0 1
+4 0 1
+3 0 1
+2 0 1
+1 0 1

fn=(360) 0x0000000000400fc0
0x400fc0 0 1
+7 0 1
+2 0 1
+1 0 1
+3 0 1
+1 0 1
+5 0 1
+7 0 1
+4 0 1
+7 0 1
+4 0 1
+4 0 1
+3 0 1
+38 0 1
cfn=(366)
calls=1 0x400f50 0 
* 0 8
+5 0 1
+7 0 1
+4 0 1
+1 0 1
+1 0 1

fn=(294) __libc_csu_init
0x405a50 0 1
+5 0 1
+5 0 1
+7 0 1
+7 0 1
+5 0 1
+5 0 1
+5 0 1
+5 0 1
+4 0 1
+3 0 1
+3 0 1
+3 0 1
+4 0 1
+3 0 1
cob=(2) ???
cfi=(12) ???
cfn=(296) 0x0000000000400d30
calls=1 0x400d30 0 
* 0 39
+5 0 1
+3 0 1
+30 0 1
+5 0 1
+5 0 1
+5 0 1
+5 0 1
+5 0 1
+5 0 1
+4 0 1

fl=(62) /h/dbessy01/Desktop/comp40/um/SUBMIT/main.c
fn=(326) main
0x401060 15 1
+1 * 1
+3 * 1
+15 +2 1
+7 * 1
+5 * 1
+5 * 1
+5 * 1
cob=(3)
cfi=(63) /usr/src/debug/glibc-2.12-2-gc4ccff1/libio/iofwrite.c
cfn=(332) fwrite
calls=1 0x30f2267940 +20 
* * 289
cob=(1)
cfi=(55)
cfn=(282)
calls=1 0x30f1e14830 +13 
* * 1472
* * 5
+5 * 1
+5 +5 1
+1 * 1

ob=(6) /usr/lib64/libnetpbm.so.10.47
fl=(53) ???
fn=(406) 0x00000030f3a0b450
0x30f3a0b450 0 1
+1 0 1
+7 0 1
+3 0 1
+2 0 1
+1 0 1
+2 0 1
+8 0 1
+2 0 1
+7 0 1
cob=(3)
cfi=(70) /usr/src/debug/glibc-2.12-2-gc4ccff1/stdlib/cxa_finalize.c
cfn=(388) __cxa_finalize
calls=1 0x30f2235e20 31 
* 0 55
cob=(1)
cfi=(55)
cfn=(282)
calls=1 0x30f1e14830 30 
* 0 1529
* 0 5
+5 0 1
+7 0 1
+7 0 1
+7 0 1
+3 0 1
+4 0 1
+4 0 1
+3 0 1
+34 0 1
+7 0 1
+1 0 1
+2 0 1
+1 0 1

fn=(260) 0x00000030f3a0b4d0
0x30f3a0b4d0 0 1
+8 0 1
+1 0 1
+3 0 1
+28 0 1
+1 0 1

fn=(254) 0x00000030f3a0b430
0x30f3a0b430 0 1
+4 0 1
+7 0 1
+3 0 1
+4 0 1
+4 0 1

fn=(266) 0x00000030f3a21bf0
0x30f3a21bf0 0 1
+1 0 1
+3 0 1
+1 0 1
+4 0 1
+7 0 1
+4 0 1
+27 0 1
+4 0 1
+1 0 1
+1 0 1

ob=(3)
fl=(66) /usr/src/debug////////glibc-2.12-2-gc4ccff1/io/../sysdeps/unix/syscall-template.S
fn=(346) write
0x30f22db510 82 1
+7 * 1
cfn=(348) __write_nocancel
calls=1 +2 * 
* * 5

fn=(348)
0x30f22db519 82 1
+5 * 1
+2 * 1
+6 * 1
+2 * 1

fl=(61) /usr/src/debug/glibc-2.12-2-gc4ccff1/setjmp/sigjmp.c
fn=(324) __sigjmp_save
0x30f2232400 30 1
+2 -1 1
+1 * 1
+3 +1 1
+2 * 1
+2 +5 1
+2 -5 1
+3 +5 1
+1 * 1

fl=(48) /usr/src/debug////////glibc-2.12-2-gc4ccff1/string/../sysdeps/x86_64/strrchr.S
fn=(218) __GI_strrchr
0x30f2282c40 26 1
+4 +1 1
+3 +1 1
+4 +1 1
+4 +1 1
+4 +1 1
+4 +1 1
+3 +1 1
+4 +1 1
+5 +1 1
+3 +1 1
+4 +1 1
+4 +1 1
+4 +1 1
+4 +1 1
+2 +1 1
+4 +1 1
+4 +1 1
+2 +1 1
+2 +1 1
+2 +1 1
+2 +1 1
+2 +1 1
+2 +2 1
+4 +1 1
+4 +1 1
+4 +1 1
+4 +1 1
+4 +1 1
+4 +1 1
+4 +1 1
+2 +1 1
+2 +1 1
+2 +2 1
+4 +1 1
+6 +1 1
+5 +1 1
+14 +7 1
+3 +1 1
+3 +1 1
+3 +1 1
+3 +1 1
+2 +1 1
+5 +1 1

fl=(59) /usr/src/debug////////glibc-2.12-2-gc4ccff1/setjmp/../sysdeps/x86_64/bsd-_setjmp.S
fn=(320) _setjmp
0x30f2232450 34 1
+2 +2 1
cfi=(60) /usr/src/debug////////glibc-2.12-2-gc4ccff1/setjmp/../sysdeps/x86_64/setjmp.S
cfn=(322) __sigsetjmp
calls=1 0x30f22323a0 -10 
* * 27

fl=(71) /usr/src/debug/glibc-2.12-2-gc4ccff1/nptl/../nptl/sysdeps/unix/sysv/linux/unregister-atfork.c
fn=(390) __unregister_atfork
0x30f22f8360 37 3
+7 -8 3
+1 * 3
+3 * 3
+3 +11 3
+3 * 3
+32 +82 3
+1 * 3

fl=(60)
fn=(322)
0x30f22323a0 26 1
+3 +2 1
+3 +1 1
+9 * 1
+4 +1 1
+4 +4 1
+4 +1 1
+4 +1 1
+4 +1 1
+4 +1 1
+5 +2 1
+9 * 1
+4 +2 1
+4 +1 1
+4 +2 1
+9 * 1
+4 +2 1
+4 +9 1
cfi=(61)
cfn=(324)
calls=1 +14 -26 
* * 9

fl=(51) /usr/src/debug/glibc-2.12-2-gc4ccff1/stdlib/bsearch.c
fn=(228) bsearch
0x30f2233f30 27 8
+2 * 8
+3 * 8
+2 * 8
+3 * 8
+2 * 8
+2 * 8
+3 * 8
+1 * 8
+3 * 8
+1 * 8
+3 * 8
+4 * 8
+5 +7 8
+6 * 46
+3 * 46
+3 * 46
-3 * 8
+3 * 8
+2 +2 54
+4 +2 54
+3 -2 54
+3 +1 54
+3 * 54
+4 * 54
+4 * 54
+4 +1 54
+3 * 54
cfi=(50) /usr/src/debug/glibc-2.12-2-gc4ccff1/string/../sysdeps/x86_64/cacheinfo.c
cfn=(230) intel_02_known_compare
calls=54 0x30f2290180 152 
* * 378
+4 +1 54
+3 * 54
+2 +2 8
+2 +1 8
+4 -8 8
+3 * 8
+2 * 8
+8 +14 8
+4 * 8
+4 * 8
+1 * 8
+1 * 8
+2 * 8
+2 * 8
+2 * 8
+2 * 8

fl=(63)
fn=(332)
0x30f2267940 37 1
+5 +1 1
+3 -1 1
+5 +1 1
+4 -1 1
+5 * 1
+5 * 1
+4 * 1
+3 * 1
+3 * 1
+3 * 1
+3 +4 1
+3 * 1
+6 +2 1
+4 * 1
+2 * 1
+7 * 1
+9 * 1
+4 * 1
+2 * 1
+5 * 1
+2 * 1
+7 * 1
+14 * 1
+3 * 1
+6 * 1
+7 * 1
+4 * 1
+4 +1 1
+6 * 1
+2 * 1
fi=(67) /usr/src/debug/glibc-2.12-2-gc4ccff1/libio/libioP.h
+11 968 1
+4 * 1
+2 +1 1
+7 * 1
+3 * 1
+3 * 1
+2 * 1
+3 * 1
fe=(63)
+9 51 1
+3 * 1
+18 +4 1
+3 * 1
+5 * 1
+5 * 1
+5 * 1
+5 * 1
+4 * 1
+8 -11 1
+10 +1 1
+7 * 1
+3 * 1
+3 * 1
+3 * 1
cfi=(64) /usr/src/debug/glibc-2.12-2-gc4ccff1/libio/fileops.c
cfn=(334) _IO_file_xsputn@@GLIBC_2.2.5
calls=1 0x30f22716e0 1288 
* * 225
+3 * 1
+4 * 1
+3 * 1
+4 * 1
fi=(67)
+16 969 1
+8 * 1
+7 * 1
+9 * 1
+2 * 1
+2 * 1
fe=(63)

fl=(64)
fn=(344) _IO_file_write@@GLIBC_2.2.5
0x30f2271a90 1261 1
+2 +2 1
+2 -2 1
+3 * 1
+2 * 1
+3 * 1
+1 * 1
+3 * 1
+1 +2 1
+3 -2 1
+4 +2 1
+3 * 1
+5 +11 1
+3 -11 1
+3 * 1
+5 +2 1
+6 * 1
+2 +3 1
+5 * 1
+3 * 1
+3 * 1
cfi=(66)
cfn=(346)
calls=1 0x30f22db510 82 
* * 7
+5 +1 1
+3 * 1
+13 +9 1
+8 * 1
+3 * 1
+14 +3 1
+4 * 1
+1 * 1
+1 * 1
+2 * 1
+2 * 1
+10 -6 1
+3 * 1
+3 * 1

fn=(336) _IO_file_overflow@@GLIBC_2.2.5
0x30f2272290 829 1
+5 * 1
+5 * 1
+3 * 1
+5 * 1
+4 +1 1
+2 -1 1
+2 +1 1
+2 * 1
+6 +7 1
+3 * 1
+19 +35 1
+3 * 1
+69 -32 1
+5 * 1
+10 +12 1
+3 * 1
+6 * 1
+4 +9 1
+4 * 1
+2 +4 1
+4 +4 1
+7 -1 1
+3 -5 1
+4 +1 1
+4 +4 1
+2 -3 1
+4 +1 1
+4 +3 1
+3 -3 1
+4 * 1
+4 +3 1
+19 * 1
+5 * 1
+2 +1 1
+4 * 1
+3 * 1
+10 +3 1
+3 +12 1
+5 * 1
+4 * 1
+5 -12 1
+3 +12 1
+4 -12 1
cfn=(342) _IO_do_write@@GLIBC_2.2.5
calls=1 0x30f2272ff0 493 
* * 17
0x30f2272418 -31 1
+3 * 1
cfi=(65) /usr/src/debug/glibc-2.12-2-gc4ccff1/libio/genops.c
cfn=(338) _IO_doallocbuf
calls=1 0x30f2273780 419 
* * 32
+5 +1 1
+4 * 1
+2 * 1
+4 * 1
+4 * 1
+4 * 1

fn=(342)
0x30f2272ff0 493 1
+5 * 1
+5 * 1
+3 * 1
+5 * 1
+5 * 1
+4 +1 1
+3 -1 1
+3 * 1
+3 +1 1
+2 * 1
+2 +2 1
+5 * 1
+5 * 1
+5 * 1
+5 * 1
+4 * 1

fn=(334)
0x30f22716e0 1288 1
+5 * 1
+5 +6 1
+2 -6 1
+5 * 1
+5 * 1
+3 * 1
+5 * 1
+5 * 1
+4 +6 1
+3 -6 1
+3 * 1
+3 +6 1
+6 +7 1
+2 -12 1
+3 +12 1
+5 * 1
+5 * 1
+6 +17 1
+4 * 1
+4 * 1
+3 * 1
+3 * 1
+2 +32 1
+7 * 1
+5 * 1
+3 * 1
cfn=(336)
calls=1 0x30f2272290 829 
* * 101
+3 * 1
+3 * 1
+6 +7 1
+4 * 1
+4 +1 1
+2 * 1
+4 * 1
+10 +2 1
+3 * 1
+3 * 1
+6 +11 1
+3 * 1
0x30f227185b +3 1
+3 * 1
+3 +1 1
+5 * 1
+5 * 1
+5 * 1
+5 * 1
+5 * 1
+5 * 1
+4 * 1
0x30f2271970 507 1
+3 * 1
+3 * 1
+17 +15 1
+7 * 1
+3 * 1
+3 * 1
+3 * 1
cfn=(344)
calls=1 0x30f2271a90 1261 
* * 42
+3 * 1
+3 +1 1
+7 * 1
+3 * 1
+6 +5 1
+6 -2 1
+4 +2 1
+2 -2 1
+4 * 1
+4 * 1
+4 +1 1
+4 * 1
+4 +1 1
+10 1363 1
+3 +1 1
+3 528 1
+4 1364 1
+31 514 1
+4 * 1
+4 * 1
+3 * 1
+52 +9 1
+3 * 1
+38 +5 1
+7 * 1

fl=(72) /usr/src/debug/glibc-2.12-2-gc4ccff1/posix/../sysdeps/unix/sysv/linux/_exit.c
fn=(450) _Exit
0x30f22acd50 29 1
+3 * 1
+7 +4 1
+6 +2 1
+5 * 1

fl=(70)
fn=(388)
0x30f2235e20 31 3
+2 * 3
+2 +18 3
+6 -18 3
+2 +18 3
+3 -18 3
+2 * 3
+1 * 3
+3 * 3
+1 * 3
+4 +4 3
+7 * 3
+3 * 3
+6 * 3
+6 +4 3
+4 * 3
+4 * 3
+4 * 3
+5 * 3
+3 * 3
0x30f2235ee0 -4 3
+3 * 3
+3 * 3
+6 +32 3
+7 * 3
+3 * 3
+2 * 3
+8 +4 3
+4 * 3
+4 * 3
+4 * 3
+5 * 3
+3 * 3
+43 -4 3
+3 * 3
+3 * 3
+2 +12 3
+3 * 3
+6 +3 3
+4 -2 3
+3 +2 3
+1 * 3
+1 * 3
+2 * 3
+2 * 3
+2 * 3
+2 -2 3
cfi=(71)
cfn=(390)
calls=3 0x30f22f8360 -43 
* * 24

fl=(58) /usr/src/debug/glibc-2.12-2-gc4ccff1/stdlib/cxa_atexit.c
fn=(292) __new_exitfn
0x30f2235bd0 73 1
+1 +6 1
+5 -6 1
+3 +6 1
+2 * 1
+7 * 1
+18 * 1
+7 * 1
+6 +2 1
+3 * 1
+3 * 1
+6 * 1
+2 * 1
+1 +2 1
+4 * 1
+3 * 1
+65 -2 1
+3 +10 1
+8 -10 1
+3 * 1
+3 * 1
+33 +45 1
+7 +1 1
+8 +3 1
+7 * 1
+17 * 1
+6 * 1
+6 +3 1
+3 * 1
+1 * 1
+1 -35 1
+3 * 1
+2 +14 1
+4 +1 1
+8 * 1

fn=(290) __cxa_atexit
0x30f2235d70 57 1
+5 * 1
+3 -22 1
+7 +22 1
+5 * 1
+5 * 1
+4 * 1
+3 * 1
+3 -22 1
cfn=(292)
calls=1 0x30f2235bd0 +38 
* * 35
+5 +2 1
+3 * 1
+5 * 1
+2 +4 1
+9 * 1
+4 +3 1
+4 -1 1
+4 +2 1
+4 +2 1
+2 * 1
+7 +12 1
+2 * 1
+4 * 1
+5 * 1
+5 * 1
+4 * 1

fl=(44) /usr/src/debug/glibc-2.12-2-gc4ccff1/csu/../sysdeps/unix/sysv/linux/init-first.c
fn=(210) _init
0x30f221eb20 52 1
+5 * 1
+5 * 1
+2 * 1
+5 * 1
+5 * 1
+4 +6 1
+7 -6 1
+3 * 1
+3 +6 1
+3 * 1
+26 +17 1
fi=(46) /usr/src/debug/glibc-2.12-2-gc4ccff1/csu/../sysdeps/unix/sysv/linux/x86_64/init-first.c
+7 -40 1
+7 * 1
fe=(44)
+3 +38 1
+6 +1 1
fi=(46)
+7 -41 1
+8 * 1
fe=(44)
+8 +42 1
fi=(46)
+3 -42 1
+7 * 1
+9 * 1
+4 +2 1
cfi=(45) /usr/src/debug/glibc-2.12-2-gc4ccff1/elf/../sysdeps/unix/sysv/linux/dl-vdso.c
cfn=(212) _dl_vdso_vsym
calls=1 0x30f23273f0 -8 
* * 8
+5 +8 1
+7 -5 1
+3 * 1
+7 +5 1
+3 -5 1
+4 +2 1
+9 * 1
+4 +1 1
+7 +2 1
cfi=(45)
cfn=(212)
calls=1 0x30f23273f0 -16 
* * 8
fe=(44)
+5 +46 1
+3 * 1
+3 * 1
fi=(46)
+2 -45 1
+9 * 1
+4 +1 1
fe=(44)
+7 +44 1
cfi=(47) /usr/src/debug/glibc-2.12-2-gc4ccff1/misc/init-misc.c
cfn=(216) __init_misc
calls=1 0x30f22e8760 -58 
* * 68
+5 +8 1
cfi=(49) /usr/src/debug/glibc-2.12-2-gc4ccff1/elf/soinit.c
cfn=(220) __libc_global_ctors
calls=1 0x30f221eaa0 -78 
* * 2009
+5 +2 1
+5 * 1
+5 * 1
+5 * 1
+5 * 1
+4 * 1
+3 -32 1
+7 -9 1
+10 +9 1
+3 * 1
+7 * 1
+4 * 1

fl=(47)
fn=(216)
0x30f22e8760 31 1
+5 * 1
+5 * 1
+4 +1 1
+3 -1 1
+3 +1 1
+2 * 1
+3 * 1
+3 * 1
+2 +2 1
+5 * 1
+3 * 1
cfi=(48)
cfn=(218)
calls=1 0x30f2282c40 -8 
* * 44
+5 +1 1
+3 * 1
+2 +3 1
+7 * 1
+4 * 1
+3 +1 1
+3 * 1
+7 * 1
+3 +2 1
+5 * 1
+5 * 1
+4 * 1

fl=(45)
fn=(212)
0x30f23273f0 27 2
+4 +1 2
+7 * 2
+7 +4 2
+3 * 2
+2 +14 2
+2 +4 2
+4 * 2

fl=(68) /usr/src/debug/glibc-2.12-2-gc4ccff1/stdlib/exit.c
fn=(352) exit
0x30f2235a40 99 1
+2 * 1
+1 * 1
+2 * 1
+1 * 1
+7 -57 1
+3 * 1
+2 * 1
+6 +36 1
+4 * 1
+3 * 1
+4 -32 1
+3 +32 1
+5 -32 1
-19 +32 1
+4 * 1
+3 * 1
+4 -32 1
+3 +32 1
+5 -32 1
+2 +3 1
+4 * 1
+4 +1 1
+3 * 1
+4 * 1
+6 * 1
+4 * 1
+17 +33 1
+3 +1 1
+3 -1 1
+7 +1 1
+6 +7 1
+7 * 1
+7 * 1
+3 * 1
+2 * 1
+3 * 1
cfi=(65)
cfn=(446) _IO_cleanup
calls=1 0x30f2274c90 1007 
* * 130
+2 * 1
+4 * 1
+3 * 1
+2 +2 1
+2 * 1
cfi=(72)
cfn=(450)
calls=1 0x30f22acd50 -64 
* * 5
+51 -19 1
+4 +4 1
+2 -4 1
+5 * 1
+4 +4 1
+4 -2 1
+4 * 1
+9 +2 1
cob=(1)
cfi=(69) /usr/src/debug/glibc-2.12-2-gc4ccff1/elf/dl-fini.c
cfn=(354) _dl_fini
calls=1 0x30f1e0eaa0 +55 
* * 5381
+2 * 1

fl=(65)
fn=(338)
0x30f2273780 419 1
+1 +1 1
+5 -1 1
+3 +1 1
+7 +2 1
+3 * 1
+2 * 1
+6 * 1
+2 * 1
+20 +3 1
+7 * 1
+7 * 1
+3 +1 1
+1 -1 1
+2 * 1
cfn=(340) _IO_setb
calls=1 0x30f2274420 -21 
* * 17

fn=(446)
0x30f2274c90 1007 1
+2 +3 1
+2 -3 1
+2 * 1
+2 * 1
+1 * 1
+1 +3 1
cfn=(448) _IO_flush_all_lockp
calls=1 0x30f2273b90 823 
* * 77
+5 -59 1
+7 +59 1
+3 -59 1
+3 * 1
+6 +11 1
+5 * 1
+9 -9 1
+2 * 1
+3 * 1
+4 * 1
-9 * 2
+2 * 2
+3 * 2
+4 * 2
+6 +1 2
+5 -1 2
+3 * 2
+2 * 1
+6 * 1
+2 * 1
0x30f2274d50 +34 3
+10 -36 3
+4 * 3
+3 * 3
+6 +71 1
+1 * 1
+1 * 1
+2 * 1
+3 * 1
+2 * 1
+2 * 1

fn=(340)
0x30f2274420 404 1
+5 * 1
+5 * 1
+3 * 1
+4 +1 1
+4 -1 1
+3 +1 1
+3 * 1
+7 +4 1
+2 -2 1
+4 +1 1
+4 +1 1
+2 +3 1
+3 +1 1
+5 * 1
+5 * 1
+4 * 1

fn=(448)
0x30f2273b90 823 1
+2 * 1
+2 +6 1
+3 -6 1
+2 * 1
+2 * 1
+1 * 1
+1 * 1
+2 * 1
+4 +6 1
+2 * 1
0x30f2273c18 +6 1
+7 -1 1
+7 +2 1
+3 * 1
+3 -2 1
+3 +2 1
+6 * 1
+2 * 1
0x30f2273d78 +33 1
+3 * 1
+29 +4 1
+4 * 1
+3 * 1
+1 * 1
+1 * 1
+2 * 1
+2 * 1
+2 * 1
+2 * 1
+14 -37 3
+3 * 3
+2 * 2
+3 +6 2
+6 -4 2
+7 +4 2
+2 * 2
-15 * 1
+6 -4 1
+7 +4 1
+2 * 1
+48 +14 3
+3 -2 3
+11 +2 3
+2 +7 3
+4 * 3
+6 -21 3
+4 * 3
+4 * 3
+2 * 3

fl=(50)
fn=(224) handle_intel
0x30f22905a0 307 2
+2 * 2
+2 +9 2
+6 -9 2
+2 * 2
+2 * 2
+1 * 2
+2 * 2
+1 * 2
+4 * 2
+5 * 2
+5 +8 2
+5 +1 2
+5 * 2
+8 +8 2
+5 * 2
+2 +5 2
+4 -5 2
+4 * 2
+3 +5 2
+2 +7 2
+3 * 2
+3 * 2
+2 * 2
+2 * 2
cfn=(226) intel_check_word
calls=2 0x30f2290310 163 
* * 1564
+5 +1 2
+3 * 2
+6 +3 2
+3 * 2
+3 * 2
+2 * 2
+2 * 2
cfn=(226)
calls=2 0x30f2290310 163 
* * 194
+5 +1 2
+3 * 2
+64 -10 2
+3 +1 2
+2 -1 2
+4 * 2
+39 +27 2
+4 * 2
+1 * 2
+1 * 2
+2 * 2
+2 * 2
+2 * 2
+2 * 2

fn=(226)
0x30f2290310 163 4
+2 * 4
+3 * 4
+2 * 4
+3 * 4
+2 * 4
+3 * 4
+2 * 4
+1 * 4
+1 * 4
+2 * 4
+4 +1 4
+3 * 4
+6 +8 4
+6 -2 4
+7 * 4
+5 * 4
+2 * 4
+3 * 4
+2 * 4
+2 * 4
+3 * 4
+8 +14 10
+5 * 10
+6 +53 8
+3 * 8
+30 +36 8
+7 * 8
+7 * 8
+5 * 8
+5 * 8
+3 -1 8
+3 +1 8
cfi=(51)
cfn=(228)
calls=8 0x30f2233f30 27 
* * 1350
+5 +2 8
+3 * 8
+22 +22 8
+3 172 8
+2 * 8
+2 +2 10
+3 +2 10
+3 * 10
+19 -4 2
+2 302 2
+4 * 2
+1 * 2
+1 * 2
+2 * 2
+2 * 2
+2 * 2
+2 * 2
-14 * 2
+4 * 2
+1 * 2
+1 * 2
+2 * 2
+2 * 2
+2 * 2
+2 * 2
+32 196 2
+2 * 2
+2 * 2
+2 * 2
+2 * 2
+2 +5 2
+2 * 2
+3 * 2
+2 * 2
+2 * 2
+6 * 2
+3 * 2
+6 * 1
+2 -5 1
+5 * 1
+7 +11 3
+3 * 3
+6 * 2
+3 * 2
+6 +23 3
+3 -34 3
+2 * 3
+2 * 3
+2 * 3
+2 * 3
+2 +5 3
+2 * 3
+6 +4 4
+3 * 4
+3 +2 4
+3 * 4
+2 * 1
+3 * 1
+2 +8 2
+7 +2 2
+3 * 2
+66 +2 2
+2 * 2
+2 * 2
+3 * 2
+3 * 2
+6 * 2
+3 * 2
+3 * 2
+3 * 2
+6 * 2
+3 * 2
+3 * 2
+3 * 2
+3 * 2
+5 -12 1
+3 * 1
+6 * 1
+58 -6 1
+2 -5 1
+5 +9 1
+3 * 1
+3 +2 1
+3 * 1
+2 * 1
+3 * 1

fn=(222) init_cacheinfo
0x30f2290690 538 1
+5 * 1
+5 * 1
+5 * 1
+4 +13 1
+6 * 1
+2 * 1
+2 +7 1
+3 * 1
+11 747 1
+4 * 1
+5 * 1
+5 * 1
+4 * 1
+19 560 1
+6 * 1
+5 * 1
cfn=(224)
calls=1 0x30f22905a0 307 
* * 900
+5 +4 1
+6 * 1
+5 -4 1
+3 +4 1
cfn=(224)
calls=1 0x30f22905a0 307 
* * 950
+5 +2 1
+3 -2 1
+3 +2 1
+6 * 1
+6 +29 1
+7 -18 1
+7 +18 1
+4 * 1
+6 * 1
+2 +7 1
+6 * 1
+3 * 1
+2 * 1
+3 * 1
+3 * 1
+2 +6 1
+2 * 1
-12 -6 3
+2 * 3
+3 * 3
+3 * 3
+2 +6 3
+2 * 3
+6 +3 4
+2 * 4
+3 * 4
+3 * 4
+3 * 4
+2 +2 1
+3 +6 1
+6 * 1
+3 * 1
+7 * 1
+2 * 1
+2 * 1
+4 +7 1
+6 -7 1
+16 +38 1
+3 * 1
+5 +75 1
+3 * 1
+2 +3 1
+7 * 1
+4 +1 1
+3 +1 1
+7 -1 1
+3 * 1
+7 +4 1
+3 * 1
+6 +3 1
+7 * 1
+4 +1 1
+3 +1 1
+7 -1 1
+3 * 1
+7 * 1
+12 -86 1
+3 * 1
+3 * 1
+3 * 1
+4 * 1
+3 * 1
+3 * 1
0x30f22908a6 -1 1
+2 * 1
+6 * 1
+66 -31 2
+2 * 2
+3 * 2
+3 * 2
+2 +2 2
+6 +2 2
+6 * 2
+6 * 2
+2 * 2
+6 +2 2
+6 * 2
+2 +5 1
+4 +2 1
+6 * 1
+3 +1 1
+3 -1 1
+3 +1 1
+3 * 1
+3 * 1
+4 * 1
+3 +1 1

fn=(230)
0x30f2290180 152 54
+3 * 54
+2 * 54
+2 * 54
+2 +3 54
+2 * 54
+3 +1 54

fl=(41) /usr/src/debug/glibc-2.12-2-gc4ccff1/csu/../sysdeps/x86_64/multiarch/init-arch.c
fn=(166) __init_cpu_features
0x30f221f100 53 1
+2 -8 1
+1 +8 1
+2 +3 1
+6 -3 1
+6 +3 1
+6 * 1
+6 * 1
+13 +70 1
+6 +1 1
+7 +2 1
+6 +1 1
+1 * 1
+2 -74 1
+6 * 1
+2 +9 1
+6 -33 1
+5 * 1
+2 * 1
+6 +6 1
+2 -6 1
+2 +6 1
+3 -6 1
+6 +7 1
+3 +30 1
+2 -30 1
+4 -7 1
+6 +37 1
+3 -31 1
+3 +27 1
+2 * 1
+3 -26 1
+4 +30 1
+6 +1 1
+3 -38 1
+6 +32 1
+6 +6 1
+6 +5 1
+3 * 1
0x30f221f220 +3 1
+3 +1 1
+4 * 1
+2 +11 1
+6 * 1
+6 +12 1
+3 * 1
+5 * 1
+6 * 1
+45 -23 1
+6 * 1
+3 * 1
+10 * 1
+3 * 1
+3 * 1
+2 * 1
+10 * 1
+3 * 1

fl=(40) /usr/src/debug////////glibc-2.12-2-gc4ccff1/string/../sysdeps/x86_64/multiarch/strcmp.S
fn=(168) strncasecmp
0x30f2286f90 124 1
+7 +1 1
+7 +3 1
+7 +1 1
+10 +1 1
+28 +5 1

fn=(164) strcasecmp
0x30f2284cd0 106 1
+7 +1 1
+2 +1 1
cfi=(41)
cfn=(166)
calls=1 0x30f221f100 -55 
* * 57
+5 +2 1
+7 +1 1
+10 +1 1
+28 +5 1

fl=(49)
fn=(220)
0x30f221eaa0 19 1
+7 +7 1
+1 -7 1
+3 * 1
+2 * 1
+7 * 1
+4 * 1
+4 +1 1
cfi=(50)
cfn=(222)
calls=1 0x30f2290690 538 
* * 1996
+2 -1 1
+3 * 1
+3 * 1
+2 +10 1
+1 * 1

fn=(444) __libc_fini
0x30f221ead0 19 1
+7 +17 1
+1 -17 1
+3 * 1
+27 +20 1
+1 * 1

fl=(57)
fn=(288)
0x30f221ec60 96 1
+5 * 1
+5 * 1
+3 * 1
+5 * 1
+5 * 1
+5 * 1
+7 +10 1
+7 -10 1
+5 * 1
+4 * 1
+5 +10 1
+3 * 1
+14 * 1
+7 +52 1
+3 -52 1
+2 +52 1
+2 +1 1
+2 * 1
+2 * 1
+3 * 1
cfi=(58)
cfn=(290)
calls=1 0x30f2235d70 57 
* * 60
+5 +22 1
+7 * 1
+3 * 1
+3 * 1
+6 +3 1
+3 * 1
+2 +1 1
+7 * 1
+5 * 1
+4 * 1
+3 * 1
cob=(7)
cfi=(54)
cfn=(294)
calls=1 0x405a50 0 
* * 64
+2 +4 1
+7 * 1
+6 * 1
+2 * 1
+6 +15 1
+3 * 1
+6 +9 1
+5 * 1
cfi=(59)
cfn=(320)
calls=1 0x30f2232450 34 
* * 29
+5 +1 1
+2 * 1
+2 +5 1
+9 * 1
+5 +1 1
+9 * 1
+5 +3 1
+5 * 1
+9 +3 1
+7 * 1
+5 * 1
+4 * 1
+3 * 1
cob=(7)
cfi=(62)
cfn=(326)
calls=1 0x401060 15 
* * 1777
+4 +32 1
+2 * 1
cfi=(68)
cfn=(352)
calls=1 0x30f2235a40 99 
* * 5567
+5 106 1
+2 * 1

ob=(1)
fl=(25) /usr/src/debug////////glibc-2.12-2-gc4ccff1/io/../sysdeps/unix/syscall-template.S
fn=(106) close
0x30f1e16ee0 82 5
+5 * 5
+2 * 5
+6 * 5
+2 +1 5

fn=(90) open
0x30f1e16eb0 82 17
+5 * 17
+2 * 17
+6 * 17
+2 +1 17
+1 +1 12
+7 * 12
+2 * 12
+3 * 12
+2 * 12
+4 * 12

fn=(108) access
0x30f1e16f70 82 1
+5 * 1
+2 * 1
+6 * 1
+2 +1 1
+1 +1 1
+7 * 1
+2 * 1
+3 * 1
+2 * 1
+4 * 1

fn=(92) read
0x30f1e16f10 82 4
+5 * 4
+2 * 4
+6 * 4
+2 +1 4

fl=(32) /usr/src/debug////////glibc-2.12-2-gc4ccff1/string/../sysdeps/x86_64/strcpy.S
fn=(124) strcpy
0x30f1e17590 32 3
+3 +1 3
+3 +1 3
+3 +2 3
+2 +2 3
+2 +1 3
+3 +3 3
+2 +1 3
+2 +1 3
+2 +1 3
-6 -3 11
+2 +1 11
+2 +1 11
+2 +1 11
+6 +1 14
+3 +1 14
+3 +1 14
+2 +1 14
+2 +3 3
+10 +8 3
+3 +1 3
+4 +1 3
+3 +1 3
+3 +3 3
+6 +1 3
+3 +1 3
+3 +1 3
+3 +3 3
+2 +2 3
+3 +1 3
+4 +3 3
+3 +1 3
+4 +1 3
+3 +1 3
+3 +3 3
+2 +1 3
+3 +1 3
+3 +1 3
+3 +3 3
+2 +2 1
+3 +1 1
+4 +3 1
+3 +1 1
+4 +1 1
+3 +1 1
+3 +3 1
+2 +1 1
+3 +1 1
+3 +1 1
+3 +3 1
+50 +30 8
+2 +1 8
+2 +1 8
+2 +1 7
+3 +1 7
+2 +1 7
+2 +1 7
+2 +1 5
+3 +1 5
+4 +1 5
+2 +6 3
+3 +2 3

fl=(56) /usr/src/debug/glibc-2.12-2-gc4ccff1/elf/../elf/dl-runtime.c
fn=(284) _dl_fixup
0x30f1e0dfc0 73 5
+2 +6 5
+2 * 5
+4 -6 5
+2 +6 5
+4 -6 5
+1 * 5
+1 * 5
+4 +6 5
+7 +1 5
+4 -4 5
+4 +5 5
+3 -2 5
+4 -3 5
+4 +4 5
+3 +1 5
+3 -1 5
+4 * 5
+4 * 5
+4 * 5
+5 +10 5
+4 * 5
+6 +4 5
+7 * 5
+3 * 5
+6 +5 4
+4 * 4
+4 * 4
+6 * 4
+4 * 4
+4 * 4
+7 +1 4
+4 * 4
+2 * 4
+6 +8 5
+8 * 5
+2 * 5
+6 * 5
+5 +7 5
+9 * 5
+12 +3 5
+2 * 5
+7 * 5
+5 * 5
+6 * 5
+3 * 5
+9 * 5
+3 * 5
+3 * 5
+3 * 5
cfi=(4) /usr/src/debug/glibc-2.12-2-gc4ccff1/elf/dl-lookup.c
cfn=(156) _dl_lookup_symbol_x
calls=5 0x30f1e09dc0 724 
* * 7012
+5 * 5
+3 +4 5
+8 * 5
+2 * 5
+2 +4 5
+8 * 5
+2 * 5
+2 * 5
+9 +6 5
+5 * 5
+2 * 5
+3 * 5
+2 * 5
+3 * 5
+2 * 5
+3 +8 5
+4 +7 5
+4 * 5
+3 * 5
+3 * 5
+6 +4 5
+6 * 5
+2 * 5
fi=(7) /usr/src/debug/glibc-2.12-2-gc4ccff1/elf/../sysdeps/x86_64/dl-machine.h
+2 +85 5
fe=(56)
+4 -81 5
+4 * 5
+1 * 5
+1 * 5
+2 * 5
+2 * 5
+4 -55 1
+3 * 1

fl=(10) /usr/src/debug/glibc-2.12-2-gc4ccff1/elf/dl-environ.c
fn=(22) _dl_next_ld_env_entry
0x30f1e15d60 31 3
+3 +3 3
+3 * 3
+3 * 3
+2 * 2
+5 +2 2
+3 * 2
-3 * 54
+3 * 54
+2 +11 54
+4 -13 54
+3 * 54
+3 * 54
+2 * 1
+2 +17 1
+1 -15 6
+4 * 6
+2 * 2
+4 * 2
+2 * 2
+2 +6 2
+4 -3 2
+4 +3 2
+3 +2 2

fl=(26) /usr/src/debug/glibc-2.12-2-gc4ccff1/io/../sysdeps/unix/sysv/linux/wordsize-64/fxstat.c
fn=(96) _fxstat
0x30f1e16e70 37 5
+3 -1 5
+2 +1 5
+2 +1 5
+3 * 5
+3 * 5
+5 * 5
+2 * 5
+6 * 5
+2 +4 5

fl=(6) /usr/src/debug/glibc-2.12-2-gc4ccff1/elf/../sysdeps/unix/sysv/linux/x86_64/brk.c
fn=(10) brk
0x30f1e162c0 29 1
+3 +3 1
+5 * 1
+2 * 1
+6 * 1
+2 +2 1
+2 * 1
+3 -2 1
+7 +2 1
+2 +7 1
+2 * 1

fl=(20) /usr/src/debug/glibc-2.12-2-gc4ccff1/elf/dl-debug.c
fn=(70) _dl_debug_state
0x30f1e0ee90 77 2

fn=(66) _dl_debug_initialize
0x30f1e0ee00 52 6
+3 * 6
+2 +5 6
+3 -5 6
+7 +5 6
+3 * 6
+12 +5 1
+4 * 1
+7 -1 1
+4 +1 1
+4 * 1
+4 * 1
+4 +1 1
+7 * 1
+4 +4 1
* * 5
+40 -10 6
+5 * 6
+2 +4 1
+2 -1 1
+6 +1 1
+2 * 1
+7 * 1
+4 * 1

fl=(4)
fn=(158) do_lookup_x
0x30f1e09400 83 219
+2 * 219
+3 * 219
+2 * 219
+2 * 219
+3 * 219
+2 * 219
+1 * 219
+1 * 219
+7 +1 219
+4 -6 219
+8 +5 219
+5 * 219
+8 * 219
+8 -5 219
+8 * 219
+8 * 219
+8 * 219
+7 * 219
+7 * 219
+7 * 219
+7 * 219
+8 * 219
+5 +12 219
+3 231 219
+3 +3 219
+3 +39 219
+5 -42 219
+4 +3 219
+4 99 219
+4 -3 219
+11 +1 219
+9 +2 219
+4 +3 219
+3 -3 219
+8 +3 219
-39 -3 637
+4 -3 637
+11 +1 637
+9 +2 637
+4 +3 637
+3 -3 637
+8 +3 637
+6 +4 856
+8 * 856
+2 * 15
+7 * 15
+6 +4 853
+7 * 853
+6 +4 853
+7 * 853
+6 +7 853
+6 * 853
+2 * 853
+6 +4 853
+4 +1 853
+4 227 853
+8 125 853
+4 * 853
+5 +1 853
+4 * 853
+8 227 853
+7 +1 853
+3 * 853
+6 +4 432
+6 +3 432
+6 -3 432
+3 * 432
+4 +3 432
+3 * 432
+3 * 432
+3 +1 432
+3 +3 432
+3 * 432
+3 -1 432
+3 * 432
+3 +1 432
+3 -1 432
+2 * 432
+6 +21 237
+11 +24 237
+8 * 237
-8 * 407
+8 * 407
+2 470 644
+8 * 644
+3 * 644
+2 +1 378
+4 -1 378
+3 * 378
+6 * 320
+3 +4 320
+4 * 320
+3 * 320
-7 * 327
+4 * 327
+3 * 327
+6 * 10
+2 +4 10
+7 * 10
+1 * 10
+1 * 10
+2 * 10
+2 * 10
+2 * 10
+2 * 10
-17 * 209
+7 * 209
+1 * 209
+1 * 209
+2 * 209
+2 * 209
+2 * 209
+2 * 209
+18 288 209
+4 * 209
+3 * 209
+3 * 209
+2 * 196
+3 * 196
+2 * 196
+3 * 196
+34 +4 13
+6 * 13
+2 * 13
+6 * 209
+5 * 209
+3 +13 209
+5 +1 209
+5 -1 209
+3 +1 209
+8 * 209
+4 * 209
+5 +1 209
0x30f1e09889 471 58
+8 * 58
+5 * 58
+5 * 58
+5 * 58
cfi=(24) /usr/src/debug/glibc-2.12-2-gc4ccff1/elf/dl-misc.c
cfn=(84) _dl_name_match_p
calls=58 0x30f1e0ef20 301 
* * 2745
+5 -1 58
+2 * 58
+5 * 58
+5 * 58
+5 * 58
0x30f1e09aeb 263 421
+3 * 421
+5 * 421
+3 * 421
+6 +6 421
+6 * 421
+2 * 421
+3 * 421
+7 * 421
+3 * 421
+3 * 421
+3 * 421
+3 * 421
+7 * 421
+2 +4 1131
+2 * 1131
+3 * 1131
+5 * 1131
+4 * 1131
+5 * 1131
+5 * 1131
+5 * 1131
cfn=(162) check_match.12439
calls=1131 0x30f1e09290 133 
* * 40294
+5 +1 1131
+3 * 1131
+5 * 1131
+5 * 1131
+5 * 1131
+6 -3 1117
+8 * 1117
+7 * 1117
+7 * 1117
+3 * 1117
+7 -2 1117
+2 * 1117
-2 * 421
+2 * 421
+2 * 407
+3 * 407
+3 * 407
+3 * 407
+93 -27 209
+6 * 209
+2 * 209
+3 * 209
+3 * 209
+7 * 209
+3 +1 209
+2 * 209
+6 +2 206
+2 * 206
+3 * 206
+3 * 206
+8 * 206
+3 * 206
+7 * 206
+2 +10 190
+2 * 190
+6 * 179
+4 -7 179
+2 * 179
+2 * 179
+3 * 179
+3 * 179
-10 * 206
+2 * 206
+2 * 206
+3 * 206
+3 * 206
+2 +2 195
+8 * 195
+3 +1 195
+3 -1 195
+7 +1 195
+5 * 195
+5 * 195
+5 * 195
+5 -1 195
+3 * 195
+4 * 195
+7 +1 195
+2 * 195
+4 * 195
+5 * 195
cfn=(162)
calls=195 0x30f1e09290 133 
* * 19773
+5 +1 195
+3 * 195
+5 * 195
+5 * 195
+5 * 195
+5 * 195
+6 * 14
+3 * 14
+3 * 14
+3 * 14
+5 * 11
+3 * 11
+3 * 11
+3 * 11
+5 * 195
+3 * 195
+3 * 195
+3 * 195
fi=(39) /usr/src/debug/glibc-2.12-2-gc4ccff1/elf/../sysdeps/generic/dl-hash.h
+85 30 219
+8 +2 219
+2 * 219
+3 * 219
+3 * 219
+6 +3 219
+4 -1 219
+4 +1 219
+2 * 219
+2 * 219
+2 +2 219
+4 * 219
+3 * 219
+4 +1 219
+4 * 219
+2 * 219
+2 * 219
+2 +2 219
+4 * 219
+3 * 219
+3 +1 219
+4 * 219
+2 * 219
+2 * 219
+2 +2 219
+4 * 219
+3 * 219
+3 +1 219
+4 * 219
+2 * 219
+2 * 219
+2 +2 212
+4 * 212
+3 * 212
+4 * 212
+4 +1 212
+3 * 212
+2 * 212
-5 * 3816
+3 * 3816
+2 * 3816
+2 +3 3816
+3 * 3816
+4 * 3816
+4 * 3816
+3 +1 3816
+3 * 3816
+6 +13 3816
+3 +1 3816
+4 * 3816
+3 * 3816
+2 -18 212
fe=(4)
+2 264 212
+3 * 212
-3 * 7
+3 * 7

fn=(156)
0x30f1e09dc0 724 219
+1 * 219
+3 * 219
+2 485 219
+6 724 219
+2 * 219
+3 * 219
+2 * 219
+3 * 219
+2 * 219
+3 485 219
+5 724 219
+1 * 219
+7 * 219
+7 * 219
+7 * 219
+7 485 219
+3 * 219
+3 * 219
+2 * 219
+2 * 219
+9 +1 219
+3 * 219
+3 -1 219
+4 +1 219
+4 * 219
+4 * 219
+4 -1 219
+3 * 219
+2 * 219
-27 +1 4685
+3 * 4685
+3 -1 4685
+4 +1 4685
+4 * 4685
+4 * 4685
+4 -1 4685
+3 * 4685
+2 * 4685
+2 * 219
+3 * 219
+4 730 219
+8 +9 219
+5 -13 219
+6 * 219
+4 +1 219
+8 * 219
+8 +12 219
+6 * 219
+7 * 219
+11 * 219
+3 +6 219
+3 * 219
+6 * 219
+4 * 219
+4 * 219
+7 * 219
+7 * 219
+7 * 219
+7 * 219
+5 +8 10
+5 * 10
+6 -8 10
+4 * 10
+2 * 10
+3 * 10
+3 * 10
+2 +2 219
+6 * 219
+4 * 219
+3 * 219
+3 * 219
+7 * 219
+5 * 219
+5 * 219
+4 * 219
+5 * 219
+4 * 219
+4 * 219
+7 * 219
+7 * 219
+4 * 219
cfn=(158)
calls=219 0x30f1e09400 83 
* * 210602
+5 +3 219
+2 * 219
+2 -5 219
+4 +33 219
+3 * 219
+6 +23 209
+4 * 209
+3 * 209
+2 +1 209
+4 * 209
+3 -1 209
+3 * 209
+6 * 209
+4 * 209
+3 +39 209
+7 * 209
+3 -3 209
+2 * 209
+6 +14 209
+6 * 209
+2 * 209
+6 +3 209
+6 * 209
+5 * 209
+6 1023 209
+4 859 209
+4 +1 209
+4 +1 209
+4 * 209
+1 * 209
+2 * 209
+2 * 209
+2 * 209
+2 * 209
+1 * 209
-14 * 10
+4 * 10
+1 * 10
+2 * 10
+2 * 10
+2 * 10
+2 * 10
+1 * 10
0x30f1e0a248 -81 10
+4 * 10
+3 * 10
+2 * 10
+4 * 10
+3 * 10
+2 * 10
+9 +17 10
+8 * 10
+2 +1 10
0x30f1e0a5b4 +54 1
+10 * 1

fn=(6) _dl_setup_hash
0x30f1e09200 873 6
+7 * 6
+3 * 6
+2 +5 4
+4 +3 4
+2 * 4
+6 +2 4
+3 -1 4
+3 +4 4
+4 +4 4
+2 * 4
+2 -4 4
+7 +1 4
+4 * 4
+4 +2 4
+7 +1 4
+4 +2 4
+7 +2 4
+4 * 4
+3 * 4
+4 -7 4
+7 +7 4
+3 * 4
+7 +1 4
+1 +3 2
+4 * 2
+3 * 2
+2 +2 2
+4 +2 2
+2 +1 2
+4 +1 2
+7 +2 2
+4 -4 2
+6 +4 2
+7 * 2

fn=(162)
0x30f1e09290 133 1326
+5 * 1326
+5 * 1326
+3 * 1326
+5 * 1326
+5 * 1326
+4 +1 1326
+4 * 1326
+3 +2 1326
+3 * 1326
+6 +2 760
+2 * 760
+5 * 760
+3 -2 760
+4 * 760
+6 +12 760
+5 * 760
+3 * 760
+6 +3 760
+4 * 760
+2 +5 209
+4 -1 209
+4 +1 209
+3 -1 209
+7 +1 209
+6 +2 103
+3 * 103
+2 +19 103
+4 * 103
+5 +1 103
+3 * 103
+5 * 103
+4 * 103
+4 * 103
+7 +1 103
+4 -1 103
+4 * 103
+2 +1 103
+3 * 103
+4 * 103
cfi=(15) /usr/src/debug////////glibc-2.12-2-gc4ccff1/string/../sysdeps/x86_64/strcmp.S
cfn=(46) strcmp
calls=103 0x30f1e17560 -44 
* * 8886
+5 -1 103
+2 * 103
+2 +46 1326
+3 * 1326
+5 * 1326
+5 * 1326
+5 * 1326
+5 * 1326
+4 * 1326
+11 -73 580
+2 * 580
+4 * 580
+4 * 580
+5 * 580
cfi=(15)
cfn=(46)
calls=580 0x30f1e17560 -16 
* * 7233
+5 * 580
+2 * 580
+5 * 580
+6 +64 551
+2 * 551
+29 -9 106
+3 * 106
+2 +2 106
+4 * 106
+4 +1 106
+4 * 106
+3 -1 106
+3 * 106
+2 * 106
+2 * 106
+6 * 106
+2 * 106
+3 * 106
+2 * 106
+37 -72 1326
+5 * 1326
+6 +79 566
+2 * 566

fl=(21) /usr/src/debug/glibc-2.12-2-gc4ccff1/elf/dl-tls.c
fn=(174) _dl_allocate_tls_init
0x30f1e10f90 402 1
+2 * 1
+2 * 1
+2 * 1
+2 * 1
+1 * 1
+1 * 1
+4 +1 1
+3 -1 1
+5 +1 1
+6 +4 1
+4 +8 1
+7 * 1
+3 * 1
+7 * 1
+3 * 1
+4 +5 1
+3 * 1
+2 * 1
+3 * 1
+3 * 1
+3 * 1
+6 +6 1
+4 * 1
+3 * 1
+6 * 1
+4 * 1
+3 * 1
+4 * 1
+5 * 1
+7 +27 1
+5 * 1
+3 * 1
+3 +8 1
+7 * 1
+4 * 1
+4 +1 1
+7 * 1
+4 * 1
+6 +1 1
+7 * 1
+7 * 1
+7 * 1
+4 * 1
+3 * 1
cfi=(14) /usr/src/debug////////glibc-2.12-2-gc4ccff1/string/../sysdeps/x86_64/memcpy.S
cfn=(58) mempcpy
calls=1 0x30f1e184b0 56 
* * 23
+5 * 1
+3 * 1
+2 * 1
+3 * 1
cfi=(28) /usr/src/debug////////glibc-2.12-2-gc4ccff1/string/../sysdeps/x86_64/memset.S
cfn=(102) memset
calls=1 0x30f1e17f60 44 
* * 27
+5 * 1
+4 * 1
+7 * 1
+3 -43 1
+3 * 1
+3 * 1
+2 +6 1
+4 * 1
+4 * 1
+3 * 1
+6 +3 1
+4 +1 1
+3 * 1
+2 +7 1
+4 +2 1
+7 -2 1
+3 * 1
+4 +2 1
+4 * 1
+81 +38 1
+3 +3 1
+5 * 1
+4 * 1
+1 * 1
+1 * 1
+2 * 1
+2 * 1
+2 * 1
+2 * 1

fn=(130) _dl_next_tls_modid
0x30f1e10f00 57 1
+7 * 1
+2 * 1
+7 +48 1
+4 * 1
+7 +4 1

fn=(172) _dl_add_to_slotinfo
0x30f1e10d60 843 1
+2 * 1
+2 * 1
+3 * 1
+1 * 1
+1 * 1
+4 +6 1
+7 +3 1
+7 * 1
+8 +5 1
+3 * 1
+3 * 1
+72 +42 1
+7 -1 1
+4 * 1
+4 * 1
+5 +1 1
+4 * 1
+4 +1 1
+4 * 1
+1 * 1
+1 * 1
+2 * 1
+2 * 1

fn=(146) _dl_allocate_tls_storage
0x30f1e11670 354 1
+2 +13 1
+7 -13 1
+1 * 1
+1 +2 1
+7 +11 1
+3 * 1
cfi=(13) /usr/src/debug/glibc-2.12-2-gc4ccff1/elf/dl-minimal.c
cfn=(36) __libc_memalign
calls=1 0x30f1e160d0 53 
* * 50
* * 1
+5 +1 1
+3 -1 1
+3 +1 1
+6 +7 1
+8 +4 1
+5 * 1
+3 * 1
+3 * 1
+6 * 1
+4 * 1
+6 * 1
+4 * 1
+6 * 1
+2 * 1
+2 * 1
+3 * 1
+3 * 1
+2 * 1
* * 288
+3 * 1
+2 * 1
+3 * 1
+2 * 1
+3 * 1
+2 -58 1
+7 +1 1
+5 -1 1
+4 +1 1
+4 * 1
cfi=(13)
cfn=(28) calloc
calls=1 0x30f1e16280 111 
* * 39
* * 1
+5 +1 1
+3 * 1
+2 +3 1
+3 +6 1
+4 * 1
+4 +64 1
+3 * 1
+1 * 1
+1 * 1
+2 * 1

fn=(68) _dl_count_modids
0x30f1e10e90 116 1
+7 * 1
+79 +1 1
+7 * 1
+3 * 1

fn=(144) _dl_determine_tlsoffset
0x30f1e117b0 138 1
+2 +11 1
+7 -11 1
+2 * 1
+1 * 1
+1 +45 1
+4 * 1
+3 * 1
+6 * 1
+2 * 1
+3 * 1
+3 * 1
+6 * 1
+60 +5 1
+7 * 1
+7 +4 1
+3 * 1
+7 -4 1
+4 * 1
+3 * 1
+3 +2 1
+3 * 1
+4 +2 1
+3 * 1
+3 * 1
+2 +12 1
+5 * 1
+3 +4 1
+4 * 1
+2 * 1
+3 * 1
+4 * 1
+4 +3 1
+4 * 1
+4 -1 1
+3 * 1
+11 +10 1
+7 -37 1
+4 * 1
+4 +37 1
+3 -37 1
+3 * 1
+2 * 1
+8 +41 1
+2 -1 1
+7 +52 1
+7 -51 1
+3 +52 1
+1 * 1
+1 * 1
+2 * 1
+2 -52 1
+4 * 1
+6 * 1
+7 +52 1

fl=(14)
fn=(58)
0x30f1e184b0 56 39
+4 +4 39
+2 +3 39
+3 +1 39
+2 +2 17
+3 +1 17
+2 +2 17
+3 +1 17
+3 +5 17
+3 +1 17
-3 -1 22
+3 +1 22
+2 +2 16
+3 +1 16
+3 +2 16
+4 +1 16
+4 +5 16
+3 +1 16
-3 -1 23
+3 +1 23
+2 +2 13
+2 +1 13
+2 +2 13
+4 +1 13
+4 +5 13
+3 +1 13
-3 -1 26
+3 +1 26
+2 +2 15
+3 +1 15
+3 +2 15
+4 +1 15
+4 * 15
+3 +5 15
+6 +1 15
-6 -1 24
+6 +1 24
+2 * 12
+8 +5 12
+3 +1 12
+4 +1 12
+3 +1 12
+4 +2 12
+3 +2 12
+4 +1 12
+4 +2 12
+2 +6 39
+3 +4 39
+2 +12 1
+2 +2 1
+3 +1 1
+43 +26 1
+7 +1 1
+2 +3 1
+2 +1 1
+3 +1 1
+2 +5 1
+2 +2 1
+3 +1 1
+4 +1 1
+4 +1 1
+4 +2 1
+3 +1 1
+4 +1 1
+4 +1 1
+4 +2 1
+4 +1 1
+4 +2 1
+2 +2 1
+2 +2 1
+3 +1 1
+4 +1 1
+4 +1 1
+4 +2 1
+3 +1 1
+4 +1 1
+4 +1 1
+4 +2 1
+4 +1 1
+4 +2 1
+2 * 1
+12 +5 1
+3 +2 1

fn=(38) memcpy
0x30f1e186e0 56 23
+4 +2 23
+3 +2 23
+2 +3 23
+3 +1 23
+2 +2 6
+3 +1 6
+2 +2 6
+3 +1 6
+3 +5 6
+3 +1 6
-3 -1 17
+3 +1 17
+2 +2 6
+3 +1 6
+3 +2 6
+4 +1 6
+4 * 6
+4 +5 6
+3 +1 6
-3 -1 17
+3 +1 17
+2 +2 1
+2 +1 1
+2 +2 1
+4 +1 1
+4 +5 1
+3 +1 1
-3 -1 22
+3 +1 22
+2 +2 11
+3 +1 11
+3 +2 11
+4 +1 11
+4 +5 11
+6 +1 11
-6 -1 12
+6 +1 12
+2 * 12
+4 +5 12
+3 +1 12
+4 +1 12
+3 +1 12
+4 +2 12
+3 +2 12
+4 +1 12
+4 +2 12
+2 +8 23
+5 +8 4
+5 +6 4
+2 +2 4
+3 +1 4
+2 +3 1
+5 +1 1
+3 * 1
+12 +5 1
+3 +1 1
+2 +2 1
+2 +2 1
+4 +1 1
+4 +2 1
+2 * 1
+15 +9 1
+7 +1 1
-7 -1 3
+7 +1 3
+2 +3 4
+2 +1 4
+3 +1 4
+2 +5 4
+2 +2 4
+3 +1 4
+4 +1 4
+4 +1 4
+4 +2 4
+3 +1 4
+4 +1 4
+4 +1 4
+4 +2 4
+4 +1 4
+4 +2 4
+2 +2 3
+2 +2 3
+3 +1 3
+4 +1 3
+4 +1 3
+4 +2 3
+3 +1 3
+4 +1 3
+4 +1 3
+4 +2 3
+4 +1 3
+4 +2 3
+2 * 3
+12 +5 3
+3 +6 3
+5 +1 3
-8 -7 1
+3 +6 1
+5 +1 1

fl=(24)
fn=(120) _dl_sysdep_read_whole_file
0x30f1e0f740 44 1
+5 * 1
+5 +3 1
+2 -3 1
+5 * 1
+5 * 1
+3 * 1
+7 +3 1
+2 -3 1
+2 +3 1
cfi=(25)
cfn=(90)
calls=1 0x30f1e16eb0 +35 
* * 5
+5 +1 1
+2 -1 1
+2 +1 1
+7 * 1
+2 +2 1
+3 * 1
+2 * 1
+5 * 1
cfi=(26)
cfn=(96)
calls=1 0x30f1e16e70 -13 
* * 10
+5 * 1
+2 * 1
+2 +2 1
+5 +3 1
+3 -3 1
+4 +3 1
+9 +13 1
+2 * 1
cfi=(25)
cfn=(106)
calls=1 0x30f1e16ee0 +14 
* * 5
+5 +3 1
+3 * 1
+8 * 1
+8 * 1
+8 * 1
+8 * 1
+7 * 1
+1 -14 1
+3 * 1
+3 * 1
+5 * 1
+2 * 1
+3 * 1
+2 * 1
cfi=(27) /usr/src/debug////////glibc-2.12-2-gc4ccff1/misc/../sysdeps/unix/syscall-template.S
cfn=(98) mmap
calls=1 0x30f1e170b0 +25 
* * 6
+5 * 1
+3 * 1

fn=(84)
0x30f1e0ef20 301 116
+1 * 116
+3 * 116
+1 * 116
+3 * 116
+4 +1 116
+4 * 116
cfi=(15)
cfn=(46)
calls=116 0x30f1e17560 135 
* * 819
+5 * 116
+2 * 116
+2 +3 116
+4 +2 116
+3 * 116
+8 +4 116
+4 -4 116
+3 * 116
+2 +1 125
+3 * 125
+3 * 125
cfi=(15)
cfn=(46)
calls=125 0x30f1e17560 135 
* * 2482
+5 * 125
+2 * 125
+2 +6 9
+4 -7 9
+5 +7 9
+1 * 9
+1 * 9
+5 * 107
+4 -7 107
+2 +7 107
+1 * 107
+1 * 107

fl=(35) /usr/src/debug/glibc-2.12-2-gc4ccff1/elf/dl-version.c
fn=(138) _dl_check_map_versions
0x30f1e0fbc0 180 6
+1 * 6
+3 * 6
+2 * 6
+2 * 6
+2 * 6
+2 * 6
+3 * 6
+1 * 6
+7 +15 6
+4 -15 6
+3 * 6
+6 +15 6
+3 * 6
+6 +2 6
+4 +3 6
+7 -3 6
+4 +2 6
+7 +1 6
+7 +2 6
+3 -3 6
+7 +3 6
+6 +3 4
+4 * 4
+4 * 4
+3 +4 4
+4 -4 4
+7 +4 4
+6 * 4
+7 +10 4
+3 * 4
+3 * 4
+3 * 4
+10 +7 4
+3 62 4
+7 226 4
+4 * 4
+7 62 4
+4 * 4
+4 * 4
+4 * 4
+4 * 4
+3 * 4
-40 226 1
+3 62 1
+7 226 1
+4 * 1
+7 62 1
+4 * 1
+4 * 1
+4 * 1
+4 * 1
+3 * 1
+6 * 5
+7 * 5
+11 +1 20
+5 -1 20
+3 * 20
+6 +2 25
+3 * 25
+3 * 25
cfi=(24)
cfn=(84)
calls=25 0x30f1e0ef20 301 
* * 1545
+5 * 25
+2 * 25
+2 234 5
+6 * 5
+2 * 5
+6 +5 5
+7 * 5
+3 * 5
+3 * 5
+8 +20 10
+2 * 10
+3 -16 10
+4 * 10
+4 * 10
+5 * 10
+3 * 10
+2 * 10
+4 * 10
+3 * 10
-25 * 5
+4 * 5
+4 * 5
+5 * 5
+3 * 5
+2 * 5
+4 * 5
+3 * 5
+2 * 3
+7 * 3
+3 * 3
+2 * 3
+4 * 3
+4 * 3
+3 * 3
+3 * 3
cfn=(140) match_symbol
calls=3 0x30f1e0f7f0 82 
* * 485
-16 * 12
+2 * 12
+4 * 12
+4 * 12
+3 * 12
+3 * 12
cfn=(140)
calls=12 0x30f1e0f7f0 82 
* * 2183
+5 * 15
+3 * 15
+4 * 15
+5 * 15
+3 * 15
+4 +11 15
+3 * 15
+2 * 15
+2 +9 5
+7 * 5
+3 * 5
+2 * 5
+6 +5 1
+2 * 1
+3 * 1
+7 +1 1
0x30f1e0fdd2 69 4
+3 277 4
+8 * 4
-8 * 2
+8 * 2
+2 +3 3
+7 * 3
+4 * 3
+4 * 3
+2 +10 22
+2 * 22
+3 -10 22
+4 * 22
+5 * 22
+3 * 22
+4 +6 22
+3 * 22
+2 * 22
-21 -6 3
+4 * 3
+5 * 3
+3 * 3
+4 +6 3
+3 * 3
+2 * 3
+2 +8 6
+3 * 6
+2 +87 6
+4 * 6
+3 * 6
+1 * 6
+2 * 6
+2 * 6
+2 * 6
+2 * 6
+1 * 6
+1 -81 5
+4 -1 5
+5 * 5
+3 * 5
cfi=(13)
cfn=(28)
calls=5 0x30f1e16280 111 
* * 195
* * 5
+5 +2 5
+3 -2 5
+8 +2 5
+6 +11 5
+8 +2 5
+8 -5 5
+8 +3 5
+4 * 5
+8 +2 5
+6 +3 4
+7 * 4
+4 * 4
+4 * 4
+4 * 4
+6 +4 4
+3 * 4
+4 * 4
-7 * 1
+3 * 1
+4 * 1
+9 +18 10
+8 * 10
+2 * 10
+3 -15 10
+4 * 10
+5 +2 10
+3 * 10
+3 * 10
-15 -2 5
+4 * 5
+5 +2 5
+3 * 5
+3 * 5
+2 +2 15
+3 * 15
+2 * 15
+4 * 15
+8 * 15
+8 * 15
+4 +1 15
+4 * 15
+6 * 15
+4 +1 15
+3 * 15
+4 * 15
+4 +1 15
+3 * 15
+4 * 15
+5 +3 15
+3 * 15
+2 * 15
+2 +8 5
+3 * 5
+2 * 5
+2 +5 1
+2 * 1
+8 * 1
+3 +1 1
+5 +4 5
+8 * 5
+6 +3 3
+7 * 3
+4 * 3
+4 * 3
+4 * 3
+7 +20 22
+2 * 22
+3 -14 22
+4 -2 22
+3 +2 22
-7 * 3
+4 -2 3
+3 +2 3
+2 +5 22
+4 * 22
+4 +1 22
+2 -1 22
+6 * 22
+4 * 22
+8 * 22
+8 * 22
+5 +1 22
+3 +1 22
+9 -1 22
+4 * 22
+4 +4 22
+3 * 22
+2 * 22
-5 * 3
+3 * 3
+2 * 3
+2 * 3
+5 269 2
+3 * 2
+3 * 2

fn=(136) _dl_check_all_versions
0x30f1e100b0 387 1
+2 * 1
+3 * 1
+2 * 1
+3 * 1
+1 +4 1
+2 -4 1
+1 +4 1
+3 -4 1
+4 +4 1
+3 * 1
+2 * 1
+6 +1 1
+7 * 1
-7 * 5
+7 * 5
+2 * 6
+2 -1 6
+4 +1 6
+2 -1 6
+3 * 6
+2 +5 1
+4 * 1
+2 * 1
+1 * 1
+1 * 1
+2 * 1
+2 * 1
+6 -3 6
+3 * 6
+3 * 6
+3 * 6
cfn=(138)
calls=6 0x30f1e0fbc0 180 
* * 6548
+5 -1 6
+2 * 6
+5 * 6
+2 * 6

fn=(140)
0x30f1e0f7f0 82 15
+1 * 15
+3 * 15
+4 * 15
+4 * 15
+3 * 15
+4 * 15
+4 * 15
+3 * 15
+4 * 15
+7 +9 15
+7 -8 15
+4 -1 15
+7 * 15
+3 * 15
+3 +1 15
+4 +8 15
+6 +6 15
+7 * 15
+3 * 15
+6 +18 15
+3 * 15
+4 +5 15
+4 * 15
+2 +14 105
+4 * 105
+6 +12 90
+3 * 90
+2 * 90
+6 +4 90
+2 * 90
+3 -30 90
+4 * 90
0x30f1e0f928 +19 15
+3 * 15
+3 * 15
+7 * 15
+3 * 15
+4 * 15
cfi=(15)
cfn=(46)
calls=15 0x30f1e17560 -4 
* * 1213
+5 * 15
+2 * 15
+7 * 15
+6 +34 15
+2 +1 15
+4 * 15
+4 * 15
+4 * 15
+4 * 15
+4 * 15
+1 * 15

fl=(37) /usr/src/debug/glibc-2.12-2-gc4ccff1/elf/dl-reloc.c
fn=(150) _dl_relocate_object
0x30f1e0b3c0 158 6
+1 * 6
+3 * 6
+2 * 6
+2 * 6
+2 * 6
+2 +10 6
+3 * 6
+4 -10 6
+1 * 6
+3 * 6
+7 +14 6
+6 -14 6
+7 * 6
+6 +14 6
+2 +1 6
+2 * 6
+8 * 6
+3 * 6
+2 * 6
+6 +6 6
+7 * 6
+6 +6 6
+6 * 6
+2 * 6
+6 +4 6
+7 * 6
+6 +8 6
+8 * 6
+6 * 6
+11 +45 6
fi=(7)
+4 96 6
+3 * 6
fe=(37)
+3 242 6
+4 * 6
fi=(7)
+7 96 6
+6 +39 2
+3 * 2
+7 * 2
fe=(37)
+6 268 6
+4 * 6
+2 * 6
+2 * 6
+7 * 6
+8 * 6
+8 * 6
+8 * 6
+3 * 6
+2 * 6
+4 * 6
+7 * 6
+4 * 6
+4 * 6
+4 * 6
+8 * 6
+6 * 6
+7 * 6
+3 * 6
+4 * 6
+6 * 4
+4 * 4
+4 * 4
+4 * 4
+3 * 4
+4 * 4
+4 * 4
+4 * 4
+4 * 4
fi=(38) /usr/src/debug/glibc-2.12-2-gc4ccff1/elf/do-rel.h
+4 57 4
+3 +1 4
+4 +1 4
fe=(37)
+3 268 4
+4 156 4
fi=(38)
+4 -91 4
fe=(37)
+2 +91 4
fi=(7)
+7 295 4
fe=(37)
+4 -27 4
fi=(7)
+4 +27 4
fi=(38)
+7 65 4
fe=(37)
-46 268 2
fi=(38)
+4 57 2
+3 +1 2
+4 +1 2
fe=(37)
+3 268 2
+4 156 2
fi=(38)
+4 -91 2
fe=(37)
+2 +91 2
fi=(7)
+7 295 2
fe=(37)
+4 -27 2
fi=(7)
+4 +27 2
fi=(38)
+7 65 2
+2 +3 6
+3 * 6
+2 * 4
fi=(7)
+3 476 4
+4 -1 4
+3 * 4
+3 +4 4
+4 * 4
-14 -3 252
+4 -1 252
+3 * 252
+3 +4 252
+4 * 252
+6 +2 256
+7 * 256
+3 * 256
+6 +1 28
fi=(38)
+4 68 28
+4 * 28
+3 * 28
-7 * 228
+4 * 228
+3 * 228
fe=(37)
+2 268 12
+7 * 12
+4 * 12
+6 * 6
fi=(38)
+4 59 6
fe=(37)
+3 268 6
+3 * 6
+3 * 6
+3 * 6
+3 * 6
+4 * 6
fi=(38)
+4 65 6
fe=(37)
+2 268 6
fi=(38)
+4 57 6
+3 +1 6
+4 +7 6
+2 +10 6
+4 +2 6
+3 -2 6
+4 * 6
+4 +1 6
+7 +1 6
+3 * 6
+2 * 5
+3 * 5
+10 * 5
+3 * 5
+4 * 5
+3 * 5
+4 * 5
+4 * 5
+4 +14 5
+7 -12 5
+4 +12 5
+3 * 5
-14 * 1
+7 -12 1
+4 +12 1
+3 * 1
+2 +10 5
+3 * 5
+6 * 4
+8 * 4
+6 +10 5
+7 * 5
+3 * 5
+6 +4 5
+4 +2 5
+3 -2 5
+7 +2 5
fi=(7)
+6 296 5
+7 * 5
+7 * 5
fi=(38)
+5 119 5
+4 * 5
+7 +1 5
+4 +2 5
+7 * 5
+4 -2 5
+7 -1 5
fi=(7)
+3 267 5
fi=(38)
+4 119 5
fi=(7)
+4 270 5
fi=(38)
+4 119 5
+4 +1 5
+4 * 5
+4 * 5
fi=(7)
+4 270 5
fi=(38)
-64 119 220
+4 * 220
+7 +1 220
+4 +2 220
+7 * 220
+4 -2 220
+7 -1 220
fi=(7)
+3 267 220
fi=(38)
+4 119 220
fi=(7)
+4 270 220
fi=(38)
+4 119 220
+4 +1 220
+4 * 220
+4 * 220
fi=(7)
+4 270 220
+6 +18 225
+3 * 225
+6 +7 225
+6 * 225
+3 * 225
+3 * 225
+3 * 225
+2 * 225
+6 * 212
+7 * 212
+6 * 207
+4 * 207
+3 * 207
+4 * 207
+3 * 207
+2 * 207
+2 * 207
-2 * 2
+2 * 2
+6 * 196
+4 * 196
+6 * 196
+4 * 196
+6 * 196
+2 * 196
+4 * 196
+3 * 196
+3 * 196
+4 * 196
fi=(38)
+4 120 196
+6 * 196
fi=(7)
+4 295 196
+3 * 196
+3 * 196
fi=(38)
+4 120 196
fi=(7)
+4 295 196
+7 * 196
+3 * 196
+7 * 196
-52 * 13
+3 * 13
+4 * 13
fi=(38)
+4 120 13
+6 * 13
fi=(7)
+4 295 13
+3 * 13
+3 * 13
fi=(38)
+4 120 13
fi=(7)
+4 295 13
+7 * 13
+3 * 13
+7 * 13
+2 * 209
+4 * 209
+5 * 209
+2 * 209
+4 * 209
+2 * 209
+7 * 209
+3 * 209
+7 * 209
+7 * 209
+9 * 209
+7 * 209
cfi=(4)
cfn=(156)
calls=209 0x30f1e09dc0 724 
* * 261886
+5 * 209
+3 * 209
+4 * 209
+7 * 209
+7 +1 209
+2 * 209
+3 * 209
-5 * 16
+2 * 16
+3 * 16
+2 +4 219
+4 -4 219
+4 * 219
+3 +4 219
+3 -1 219
+3 * 219
+6 +10 225
+4 * 225
fe=(37)
+19 -38 6
+6 * 6
+2 * 6
+6 +28 6
+7 +3 6
+8 * 6
+6 +13 6
+8 * 6
+2 +1 3
+3 * 3
cfn=(170) _dl_protect_relro
calls=3 0x30f1e0b1f0 +8 
* * 72
+5 * 3
+5 +1 3
+4 * 3
+1 * 3
+2 * 3
+2 * 3
+2 * 3
+2 * 3
+1 * 3
-14 * 3
+4 * 3
+1 * 3
+2 * 3
+2 * 3
+2 * 3
+2 * 3
+1 * 3
fi=(7)
+10 135 4
+3 * 4
+29 -39 4
+8 * 4
+6 +6 4
+4 * 4
+4 +4 4
+4 * 4
+3 * 4
+6 +13 4
+6 -8 4
+4 +8 4
+2 * 4
+6 +13 4
+7 +3 4
+3 -3 4
+4 +3 4
+7 * 4
+6 * 4
fe=(37)
+8 +50 6
+8 * 6
+8 * 6
+8 +83 2
+4 * 2
+3 * 2
+6 * 2
+4 * 2
+4 * 2
+4 * 2
+3 * 2
+4 * 2
fi=(38)
+80 117 3
+4 * 3
+7 * 3
+6 * 1
fi=(7)
+15 309 225
+7 * 225
+4 * 225
+3 * 225
+2 +85 209
fi=(38)
+4 117 209
+4 * 209
fi=(7)
+7 394 209
fi=(38)
+3 117 209
+6 * 4
fi=(7)
+8 377 10
+4 * 10
+3 * 10
+2 +4 10
+7 * 10
+4 * 10
+6 +5 10
+4 * 10
fi=(38)
+4 117 10
fi=(7)
+4 386 10
+3 * 10
fi=(38)
+3 117 10
+7 * 10
fi=(7)
+61 327 1
+3 * 1
+6 +1 1
fi=(38)
+7 117 1
fi=(7)
+4 328 1
fi=(38)
+3 117 1
+7 * 1
fi=(7)
0x30f1e0ba38 448 2
+4 * 2
fi=(38)
+3 117 2
fi=(7)
+4 448 2
cob=(3)
cfi=(40)
cfn=(168)
calls=1 0x30f2286f90 124 
* * 6
cob=(3)
cfi=(40)
cfn=(164)
calls=1 0x30f2284cd0 106 
* * 64
+2 +1 2
fi=(38)
+3 117 2
+7 * 2
fi=(7)
+17 430 3
+4 * 3
+3 * 3
+6 +4 3
+5 * 3
+4 * 3
+3 * 3
+5 * 3
cfi=(14)
cfn=(38)
calls=3 0x30f1e186e0 56 
* * 54
+5 +2 3
+4 * 3
+5 * 3
+4 * 3
+6 * 3
+74 295 13
+5 * 13
fi=(38)
+11 104 2
+3 * 2
+6 * 1
fi=(7)
+7 467 1
+3 * 1
+4 * 1
fi=(38)
+3 104 1
+4 * 1
fi=(7)
+3 467 1
fi=(38)
+4 104 1
+2 +7 1
+7 * 1
+3 * 1
+6 +16 1
+3 * 1
+6 * 1
+7 * 1
+7 * 1
+2 +1 1
+4 * 1
+4 +1 1
+7 * 1
+4 -1 1
fi=(7)
+3 267 1
fi=(38)
+4 128 1
fi=(7)
+4 270 1
fi=(38)
+4 128 1
+4 * 1
+4 * 1
fi=(7)
+4 270 1
fi=(38)
-46 128 4
+4 * 4
+4 +1 4
+7 * 4
+4 -1 4
fi=(7)
+3 267 4
fi=(38)
+4 128 4
fi=(7)
+4 270 4
fi=(38)
+4 128 4
+4 * 4
+4 * 4
fi=(7)
+4 270 4
+6 +18 5
+3 * 5
+6 +7 5
+6 * 5
+3 * 5
+3 * 5
+3 * 5
+2 * 5
+6 * 5
+7 * 5
+6 * 5
+4 * 5
+3 * 5
+4 * 5
+3 * 5
+2 * 5
+2 * 5
+6 * 5
+4 * 5
+6 * 5
+4 * 5
+6 * 5
+2 * 5
+4 * 5
+3 * 5
+3 * 5
+4 * 5
+7 * 5
+4 * 5
+7 * 5
+3 * 5
+3 * 5
+3 * 5
+3 * 5
+4 * 5
+7 * 5
+2 * 5
+7 * 5
+7 * 5
+9 * 5
+7 * 5
cfi=(4)
cfn=(156)
calls=5 0x30f1e09dc0 724 
* * 5940
+5 * 5
+3 * 5
+4 * 5
+7 * 5
+7 +1 5
+2 * 5
+3 * 5
+2 +4 1
+4 -4 1
+4 * 1
+3 +4 1
+3 -1 1
+3 * 1
+6 +10 5
+4 * 5
+6 * 5
+7 * 5
+4 * 5
+3 * 5
+2 108 2
+3 * 2
+7 +1 2
+4 * 2
+7 * 2
+5 394 5
+4 * 5
+3 * 5
fi=(38)
+7 127 5
+4 * 5
+7 * 5
+6 * 1
fi=(7)
0x30f1e0bea8 484 228
+3 * 228
+7 * 228
+4 * 228
+4 * 228
+20 295 5
+4 * 5
+3 * 5
+4 * 5
+3 * 5
+2 * 5
+2 * 5
+4 * 5
+2 * 5
+4 * 5
+2 * 5
+2 * 5
+4 * 5
+3 * 5
+2 * 5
+4 * 5
+3 * 5
+2 * 5
+2 * 5
+6 * 5
+6 * 3
+7 * 3
+8 * 3
+7 * 3
+4 * 3
fe=(37)

fn=(170)
0x30f1e0b1f0 324 3
+7 -2 3
+1 * 3
+3 +1 3
+7 * 3
+3 +1 3
+3 * 3
+3 * 3
+3 +2 3
+7 * 3
+3 +2 3
+3 * 3
+2 +1 3
+3 * 3
+5 * 3
cfi=(27)
cfn=(100) mprotect
calls=3 0x30f1e17110 82 
* * 15
+5 -1 3
+2 * 3
+2 +7 3
+1 * 3

fl=(9) /usr/src/debug/glibc-2.12-2-gc4ccff1/elf/../misc/sbrk.c
fn=(16) sbrk
0x30f1e16310 35 1
+5 * 1
+5 * 1
+4 +8 1
+7 -8 1
+3 +8 1
+3 * 1
+2 * 1
+6 * 1
+2 * 1
+2 +4 1
+4 * 1
+21 +11 1
+3 * 1
+5 * 1
+5 * 1
+4 * 1

fl=(18) /usr/src/debug/glibc-2.12-2-gc4ccff1/elf/dl-load.c
fn=(88) open_verify
0x30f1e05380 1581 16
+1 * 16
+3 * 16
+3 * 16
+2 * 16
+3 * 16
+2 * 16
+2 * 16
+2 * 16
+3 * 16
+1 * 16
+3 * 16
+4 +36 16
+2 -36 16
+4 * 16
+4 +36 16
+6 * 16
+2 * 15
+2 * 15
0x30f1e05420 +21 16
+2 * 16
+2 * 16
+3 * 16
+4 * 16
cfi=(25)
cfn=(90)
calls=16 0x30f1e16eb0 82 
* * 152
+5 +1 16
+3 -1 16
+3 +1 16
+6 +11 4
+4 * 4
+5 * 4
+2 -1 4
+10 +1 4
+3 * 4
+4 * 4
+3 * 4
cfi=(25)
cfn=(92)
calls=4 0x30f1e16f10 82 
* * 20
+5 * 4
+3 * 4
+4 +7 4
+4 * 4
+4 * 4
+4 -7 4
+3 +7 4
+6 +16 4
+7 * 4
+5 * 4
+3 * 4
* * 30
+2 * 4
+6 +2 4
+5 -2 4
+2 * 4
+6 * 4
+4 * 4
+7 * 4
+5 * 4
* * 28
+2 * 4
+6 +60 4
+5 * 4
+6 +5 4
+6 * 4
+6 +2 4
+5 * 4
+4 * 4
+6 +6 4
+6 * 4
+6 +7 4
+5 +1 4
+4 +1 4
+4 -2 4
+8 * 4
+3 * 4
+4 * 4
+3 +1 4
+4 * 4
+3 * 4
+6 +16 4
+4 * 4
+3 * 4
+6 * 4
+3 +15 4
+6 * 4
+4 -15 21
+8 * 21
+3 * 21
+4 * 21
+4 * 21
+3 * 21
+4 * 21
+3 * 21
+6 +1 23
+3 * 23
+2 * 3
+4 * 3
+4 * 3
+2 * 3
+5 * 3
+2 +4 3
+4 * 3
+4 * 3
+4 * 3
+3 * 3
+6 +1 3
+4 * 3
+7 * 3
+7 +14 3
+4 * 3
+5 * 3
+4 * 3
+4 * 3
+4 * 3
+4 * 3
+5 +2 3
+4 * 3
+3 * 3
+6 +5 2
+3 +1 2
+3 -13 2
+3 * 2
+3 * 2
+3 * 2
-9 * 3
+3 * 3
+3 * 3
+3 * 3
* * 44
+2 * 5
+2 +16 2
+3 * 2
+6 +6 2
+5 -3 2
+5 +1 2
+5 +1 2
+5 +1 2
+2 * 2
+2 +1 2
+6 -1 2
+2 * 2
+2 -3 2
+6 +1 2
+6 +1 2
+6 * 2
+3 * 2
+3 * 2
+3 -2 2
+2 +3 2
+2 * 2
+32 +14 16
+4 * 16
+3 * 16
+1 * 16
+2 * 16
+2 * 16
+2 * 16
+2 * 16
+1 * 16
0x30f1e05750 -56 1
+5 * 1
+5 -92 2
+7 * 2
+5 * 2
+3 * 2
+4 * 2
+4 * 2
cfi=(34) /usr/src/debug/glibc-2.12-2-gc4ccff1/string/../string/memcmp.c
cfn=(128) bcmp
calls=2 0x30f1e178b0 322 
* * 178
+5 * 2
+2 * 2
+4 * 2
+4 * 2

fn=(114) open_path
0x30f1e05920 1835 3
+1 * 3
+3 * 3
+2 * 3
+2 * 3
+2 * 3
+2 * 3
+1 * 3
+7 +1 3
+3 -1 3
+7 * 3
+7 * 3
+6 * 3
+7 * 3
+7 +7 3
+3 -7 3
+7 +1 3
+7 +6 3
+6 * 3
+3 +5 3
+3 * 3
+7 * 3
+7 * 3
+3 +52 3
+3 * 3
+3 -52 3
+10 +52 3
+7 -52 3
+4 * 3
+4 * 3
+3 * 3
+2 * 3
+5 * 3
+4 * 3
+7 +75 3
+7 * 3
+7 * 3
+7 -63 3
+7 * 3
-7 * 3
+7 * 3
+6 * 6
+7 +7 6
+5 * 6
+5 * 6
+7 * 6
cfi=(14)
cfn=(58)
calls=6 0x30f1e184b0 56 
* * 174
+5 +1 6
+7 -1 6
+7 +1 6
+2 * 6
+3 * 6
+6 * 6
+3 * 6
+5 * 6
+3 * 6
+2 +20 8
+3 * 8
+42 -20 4
+7 * 4
+4 * 4
+3 * 4
+4 * 4
-11 * 20
+4 * 20
+3 * 20
+4 * 20
+6 * 18
+3 +3 18
+6 * 18
-6 * 6
+6 * 6
+2 +4 12
+3 * 12
+7 * 12
+7 * 12
+4 * 12
+3 * 12
cfi=(14)
cfn=(58)
calls=12 0x30f1e184b0 56 
* * 226
+5 * 12
+7 * 12
+7 * 12
+3 * 12
cfi=(14)
cfn=(58)
calls=12 0x30f1e184b0 56 
* * 276
+5 * 12
+3 -1 12
+7 +7 12
+7 * 12
+6 +3 12
+3 * 12
+4 * 12
+3 * 12
+4 * 12
+7 * 12
+7 * 12
cfn=(88)
calls=12 0x30f1e05380 1581 
* * 564
+5 * 12
+2 +2 12
+5 * 12
+2 * 12
+6 +26 4
+3 * 4
+3 * 4
+3 * 4
+3 +2 4
+3 * 4
+6 * 4
+9 +39 6
+3 -41 6
+3 +41 6
+2 * 6
+6 * 6
+3 * 6
+6 * 6
+3 +7 6
+8 -2 6
+6 +2 6
+7 * 6
+3 * 6
+3 * 6
+6 * 3
+7 * 3
+6 -67 8
+5 * 8
+2 +1 8
+4 * 8
+4 * 8
+7 * 8
+4 * 8
+4 * 8
+4 +79 8
+5 -80 8
+7 * 8
+2 +7 8
+7 * 8
+7 +3 8
+5 -3 8
+5 +3 8
+7 * 8
+7 * 8
cfi=(30) /usr/src/debug/glibc-2.12-2-gc4ccff1/io/../sysdeps/unix/sysv/linux/wordsize-64/xstat.c
cfn=(116) _xstat
calls=8 0x30f1e16e30 37 
* * 98
+5 -1 8
+2 * 8
+2 +1 2
+6 * 2
+5 -1 2
+5 * 2
+6 +3 6
+9 * 6
+2 +7 6
+3 * 6
+7 * 6
-10 * 2
+3 * 2
+7 * 2
+70 +65 3
+4 * 3
+2 * 3
+1 * 3
+2 * 3
+2 * 3
+2 * 3
+2 * 3
+1 * 3
+8 -14 3
+6 * 3
+2 * 3
+6 +10 3
+5 * 3
+2 -66 2
+9 * 2
+5 * 2

fn=(54) _dl_init_paths
0x30f1e06540 633 1
+1 +15 1
+7 * 1
+7 -15 1
+3 * 1
+2 * 1
+2 * 1
+2 * 1
+2 * 1
+1 * 1
+3 * 1
+4 +15 1
+7 * 1
+7 * 1
cfi=(5) /usr/src/debug/glibc-2.12-2-gc4ccff1/elf/../elf/dl-sysdep.c
cfn=(56) _dl_important_hwcaps
calls=1 0x30f1e15180 354 
* * 328
+5 +4 1
+5 -4 1
+7 +4 1
cfi=(13)
cfn=(32) malloc
calls=1 0x30f1e161d0 95 
* * 29
* * 1
+5 +2 1
+3 -2 1
+3 * 1
+7 +2 1
+6 +7 1
+7 * 1
+10 * 1
+8 * 1
+3 * 1
+4 +4 1
+4 * 1
+5 * 1
+4 * 1
cfi=(13)
cfn=(32)
calls=1 0x30f1e161d0 95 
* * 29
* * 1
+5 * 1
+4 +3 1
+7 * 1
+4 * 1
+6 +29 1
+4 -22 1
+3 * 1
+7 +22 1
+4 * 1
+4 * 1
+7 -2 1
+4 * 1
+7 -21 1
+10 +1 1
+7 +22 1
+3 * 1
+3 * 1
+4 -8 1
+4 -4 1
+7 -2 1
+4 * 1
+4 +11 1
+3 -6 1
+4 -3 1
+4 +1 1
+8 +3 1
+4 +1 1
+5 +4 1
-47 -5 1
+4 -4 1
+7 -2 1
+4 * 1
+4 +11 1
+3 -6 1
+4 -3 1
+4 +1 1
+8 +3 1
+4 +1 1
+5 +4 1
+6 * 2
+4 * 2
+5 * 2
+3 * 2
+4 * 2
+3 * 2
+3 * 2
+3 * 2
+3 * 2
+4 * 2
+3 * 2
+6 * 2
+2 * 2
+5 +1 2
+8 -1 2
+4 * 2
+3 * 2
-15 +1 2
+8 -1 2
+4 * 2
+3 * 2
+2 * 2
+3 * 2
+2 * 2
+3 * 2
+3 * 2
+3 * 2
+4 * 2
+8 * 2
+3 * 2
+42 +1 4
+8 -1 4
+4 * 4
+3 * 4
+2 +3 2
+4 * 2
+2 * 1
+4 * 1
+4 * 1
+6 * 1
+4 * 1
+7 * 1
+7 +7 1
+8 +4 1
+7 -5 1
+11 +6 1
+3 * 1
+2 +4 1
+8 * 1
+3 * 1
+54 +32 1
+3 * 1
+6 * 1
+3 * 1
+6 +8 1
+5 * 1
+3 * 1
cfi=(19) /usr/src/debug////////glibc-2.12-2-gc4ccff1/string/../sysdeps/x86_64/strchr.S
cfn=(60) index
calls=1 0x30f1e174e0 26 
* * 43
+5 * 1
+3 * 1
+6 +2 1
+3 * 1
cfi=(8) /usr/src/debug////////glibc-2.12-2-gc4ccff1/string/../sysdeps/x86_64/rtld-strlen.S
cfn=(14) strlen
calls=1 0x30f1e176d0 29 
* * 63
+5 * 1
+4 * 1
+4 * 1
+3 * 1
+4 * 1
+3 * 1
+5 * 1
+4 * 1
cfi=(14)
cfn=(38)
calls=1 0x30f1e186e0 56 
* * 31
+5 * 1
+3 +17 1
+3 * 1
+5 * 1
+5 * 1
+2 * 1
+2 * 1
+5 +2 1
+3 +1 1
+2 * 1
+4 +1 1
+4 -4 1
+3 * 1
+2 * 1
-18 +2 26
+3 +1 26
+2 * 26
+4 +1 26
+4 -4 26
+3 * 26
+2 * 26
+2 * 1
+8 +7 1
cfi=(13)
cfn=(32)
calls=1 0x30f1e161d0 95 
* * 29
* * 1
+5 +2 1
+3 -2 1
+7 +2 1
+6 +6 1
+6 * 1
+7 * 1
+7 * 1
+3 * 1
+3 * 1
+3 * 1
cfn=(62) fillin_rpath
calls=1 0x30f1e04cf0 387 
* * 997
+5 +4 1
+7 * 1
+4 * 1
+6 +6 1
+10 +4 1
+4 * 1
+1 * 1
+2 * 1
+2 * 1
+2 * 1
+2 * 1
+1 * 1
+36 -72 1
+8 -2 1
+12 +2 1
+3 * 1
+55 +11 1
+12 * 1

fn=(86) expand_dynamic_string_token
0x30f1e06200 317 1
+5 * 1
+3 * 1
+5 * 1
+5 * 1
+5 * 1
+3 * 1
+5 * 1
+5 +10 1
+5 -10 1
+4 +10 1
+3 -10 1
+3 +10 1
cfi=(19)
cfn=(60)
calls=1 0x30f1e174e0 26 
* * 61
+5 * 1
+3 * 1
+2 162 1
+3 * 1
cfi=(8)
cfn=(14)
calls=1 0x30f1e176d0 29 
* * 94
+5 * 1
+4 +1 1
+3 * 1
cfi=(13)
cfn=(32)
calls=1 0x30f1e161d0 -68 
* * 29
* * 1
+5 +2 1
+3 * 1
+2 +3 1
+3 * 1
+3 342 1
+5 * 1
+5 * 1
+5 168 1
+3 342 1
+5 * 1
+5 * 1
+5 * 1
+4 168 1
cfi=(14)
cfn=(38)
calls=1 0x30f1e186e0 56 
* * 60

fn=(82) _dl_map_object
0x30f1e08210 1984 8
+2 +11 8
+4 -11 8
+3 * 8
+2 +11 8
+4 -11 8
+2 +11 8
+7 -11 8
+2 * 8
+3 * 8
+1 * 8
+3 * 8
+1 * 8
+3 * 8
+7 +11 8
+5 -11 8
+4 * 8
+4 +11 8
+3 * 8
+4 +12 29
+8 * 29
+6 -12 29
+4 * 29
+3 * 29
+2 +5 33
+8 * 33
+2 * 33
+2 * 33
+2 * 33
+2 +3 33
+3 * 33
+3 * 33
cfi=(24)
cfn=(84)
calls=33 0x30f1e0ef20 301 
* * 1956
+5 * 33
+2 * 33
+2 2269 8
+7 * 8
+3 * 8
+1 * 8
+1 * 8
+2 * 8
+2 * 8
+2 * 8
+2 * 8
+6 2027 4
+3 -1 4
+5 * 4
+6 +10 4
+6 -1 4
+2 * 4
+6 +26 4
+5 * 4
+3 -2 4
+8 +2 4
cfi=(19)
cfn=(60)
calls=4 0x30f1e174e0 26 
* * 121
+5 * 4
+3 * 4
+6 2198 1
+5 * 1
+6 +1 1
+2 * 1
+3 * 1
+3 * 1
cfn=(86)
calls=1 0x30f1e06200 317 
* * 278
+5 +2 1
+3 -3 1
+8 +3 1
+6 +4 1
+5 * 1
+3 * 1
+6 * 1
+8 * 1
+8 * 1
+2 * 1
+6 * 1
+3 * 1
cfn=(88)
calls=1 0x30f1e05380 1581 
* * 162
+5 +3 1
+3 -3 1
+2 +3 1
+6 +11 4
+7 * 4
+5 * 4
+4 +3 4
+3 * 4
+6 +44 4
+7 +1 4
+5 * 4
+8 * 4
+8 * 4
+3 * 4
+3 * 4
+5 * 4
+4 -1 4
+8 +1 4
+8 * 4
+5 * 4
cfn=(94) _dl_map_object_from_fd
calls=4 0x30f1e07010 836 
* * 5945
+5 * 4
+3 * 4
+11 2026 4
+7 * 4
+56 +39 3
+3 * 3
cfi=(8)
cfn=(14)
calls=3 0x30f1e176d0 29 
* * 159
+5 * 3
+4 +2 3
+7 -2 3
+5 +2 3
+6 +7 3
+3 * 3
+6 * 3
+8 * 3
+6 +35 3
+8 * 3
+5 * 3
+6 +1 3
+5 * 3
+7 * 3
+8 * 3
+5 * 3
+3 * 3
+8 * 3
+5 * 3
+8 * 3
+7 * 3
+3 * 3
+8 * 3
+4 * 3
+6 * 3
+4 * 3
cfn=(114)
calls=3 0x30f1e05920 1835 
* * 2391
+5 +6 3
+3 -6 3
+2 +6 3
+15 +76 3
+7 * 3
0x30f1e08555 -76 3
+5 * 3
+6 610 3
+7 * 3
+4 * 3
0x30f1e085f8 2123 3
+3 * 3
+5 * 3
+4 * 3
+6 +6 3
+3 * 3
cfi=(31) /usr/src/debug/glibc-2.12-2-gc4ccff1/elf/dl-cache.c
cfn=(118) _dl_load_cache_lookup
calls=3 0x30f1e08c30 186 
* * 5435
+5 +2 3
+3 -2 3
+3 +2 3
+6 +4 3
+5 * 3
+3 * 3
+6 +9 3
+7 * 3
+6 +28 3
+5 * 3
+3 * 3
+6 * 3
+8 * 3
+8 * 3
+3 * 3
+5 * 3
+3 * 3
cfn=(88)
calls=3 0x30f1e05380 1581 
* * 886
+5 +3 3
+3 -3 3
+2 +3 3
+6 +1 3
+8 * 3
+5 -93 3
+5 -5 3
+7 * 3
+5 +5 3
+6 +3 3
+8 * 3
+8 -3 3
+2 +3 3
+5 * 3
+5 -3 3
+3 +3 3
+5 * 3
+5 * 3
+3 * 3
+8 * 3
+6 * 3
+3 * 3
+4 * 3
+3 * 3
+5 * 3
+81 -3 3
+7 * 3
+3 * 3
+2 610 3
+7 * 3
+4 * 3
+69 2084 3
+3 * 3
+3 * 3
+5 +14 3
+2 * 3
+5 * 3
+6 * 3
+6 * 3
+6 +2 3
+5 * 3
+7 * 3
+3 -2 3
+2 * 3
+6 610 3
+7 * 3
+4 * 3
0x30f1e08915 2008 29
+7 -1 29
+3 * 29
+6 +4 15
+4 +2 15
+3 -2 15
+4 * 15
+4 +2 15
+3 * 15
+5 * 15
cfi=(15)
cfn=(46)
calls=15 0x30f1e17560 135 
* * 315
+5 * 15
+2 * 15
+5 * 15

fn=(94)
0x30f1e07010 836 4
+1 * 4
+3 * 4
+2 * 4
+2 * 4
+3 * 4
+2 * 4
+3 * 4
+2 * 4
+3 * 4
+1 * 4
+7 * 4
+6 +11 4
+4 -11 4
+7 +11 4
+2 -11 4
+7 +11 4
cfi=(20)
cfn=(66)
calls=4 0x30f1e0ee00 52 
* * 36
+5 +4 4
+6 * 4
+7 * 4
+5 -4 4
+7 +4 4
cfi=(26)
cfn=(96)
calls=4 0x30f1e16e70 37 
* * 40
+5 * 4
+2 * 4
+6 +11 4
+4 * 4
+7 * 4
+4 * 4
+4 * 4
+4 * 4
+3 * 4
+6 +1 4
+7 * 4
+7 * 4
+8 -1 14
+4 * 14
+3 * 14
+6 +1 14
+7 * 14
+2 * 14
+7 * 14
0x30f1e07180 +17 4
+5 * 4
+6 +25 4
+4 * 4
+6 +10 4
+7 * 4
+6 +22 4
+7 * 4
+7 * 4
+4 * 4
+3 * 4
+6 +35 4
+4 * 4
+4 * 4
+3 * 4
+7 * 4
+7 * 4
+3 * 4
cfi=(11) /usr/src/debug/glibc-2.12-2-gc4ccff1/elf/dl-object.c
cfn=(24) _dl_new_object
calls=4 0x30f1e0ad80 62 
* * 1850
+5 +1 4
+3 -1 4
+3 +1 4
+6 -54 4
+5 +65 4
+4 -65 4
+7 +65 4
+7 +1 4
+5 +4 4
+4 -4 4
+7 +1 4
+5 * 4
+7 +2 4
+5 * 4
+8 * 4
+4 * 4
+3 +1 4
+5 * 4
+4 * 4
+6 +1 4
+3 * 4
+3 +22 4
+7 +8 4
+7 -25 4
+7 +17 4
+4 +8 4
+3 * 4
+8 -8 4
+4 * 4
+4 * 4
+5 * 4
+3 +8 4
+3 * 4
+4 -8 4
+5 +8 4
+3 * 4
+4 -8 4
+4 +8 4
+3 * 4
+6 +99 4
+3 * 4
+3 -47 4
+7 +47 4
+3 * 4
+3 * 4
+11 -47 4
+3 +47 4
+6 * 4
+6 * 4
+9 -98 17
+3 * 17
+6 * 9
+3 * 9
+2 +6 4
+4 * 4
+3 * 4
+4 +1 4
+4 * 4
+4 * 4
+7 * 4
+8 -8 4
+8 * 4
+3 * 4
+4 * 4
+4 * 4
+3 * 4
+4 * 4
+3 * 4
-29 * 26
+8 * 26
+3 * 26
+4 * 26
+4 * 26
+3 * 26
+4 * 26
+3 * 26
+6 +1 30
+3 * 30
+3 * 30
+6 * 28
+2 * 11
+5 * 11
+6 * 7
+5 * 7
+2 * 5
+3 * 5
+2 +70 1
+4 * 1
+3 * 1
+2 +4 1
+7 +1 1
+4 * 1
+7 +1 1
+4 * 1
+3 * 1
+17 +4 1
+4 * 1
+7 +3 1
+4 * 1
+7 +7 1
+7 * 1
+3 -3 1
+2 * 1
+6 +6 1
cfi=(21)
cfn=(130)
calls=1 0x30f1e10f00 57 
* * 6
+5 * 1
+7 * 1
+7 * 1
+3 +1 1
+7 +58 2
+4 * 2
+3 * 2
+7 +1 2
+4 * 2
+7 * 2
+7 -5 4
+4 * 4
+7 +1 4
+5 1038 8
+7 * 8
+4 * 8
+4 * 8
+3 * 8
+6 +6 8
+4 * 8
+4 +1 8
+4 -1 8
+3 * 8
+3 * 8
+3 * 8
+6 +7 8
+4 * 8
+7 * 8
+6 +11 8
+5 +1 8
+3 -1 8
+4 +1 8
+3 -1 8
+4 * 8
+7 +1 8
+3 +1 8
+4 * 8
+4 * 8
+7 * 8
+5 * 8
+3 * 8
+3 * 8
+4 +2 8
+4 * 8
+4 * 8
+4 +1 8
+4 * 8
+4 * 8
+4 +1 8
+7 * 8
+3 * 8
+4 +4 8
+4 -4 8
+4 +4 8
+2 * 4
+4 * 4
+5 * 4
+4 +5 4
+4 * 4
+6 * 4
+3 * 4
+3 * 4
+3 * 4
+3 * 4
+3 * 4
+3 * 4
+3 +11 4
-31 -11 4
+4 * 4
+6 * 4
+3 * 4
+3 * 4
+3 * 4
+3 * 4
+3 * 4
+3 * 4
+3 +11 4
+5 -56 2
+4 * 2
+3 * 2
+7 +1 2
+10 +67 1
+4 * 1
+4 * 1
+7 * 1
+9 +78 4
+3 * 4
+3 * 4
+7 * 4
+6 985 4
+7 1191 4
+5 * 4
+3 985 4
+6 1191 4
+3 * 4
+4 * 4
+5 * 4
+3 +2 4
+7 -2 4
+7 +2 4
+6 +19 4
+7 * 4
+4 * 4
+5 * 4
+4 * 4
+7 * 4
+3 * 4
+7 * 4
cfi=(27)
cfn=(98)
calls=4 0x30f1e170b0 82 
* * 24
+5 +4 4
+4 -4 4
+7 +4 4
+8 * 4
+6 +7 4
+7 * 4
+4 * 4
+7 +1 4
+3 +2 4
+3 -2 4
+3 +2 4
+6 +10 4
+7 * 4
+3 +35 4
+4 * 4
+2 * 4
-6 * 4
+4 * 4
+2 * 4
+6 +3 4
+8 * 4
+6 +7 8
+4 * 8
+4 * 8
+3 * 8
+6 +6 4
+3 +2 4
+7 -2 4
+4 +1 4
+4 +2 4
+3 * 4
+3 -1 4
+5 * 4
+3 * 4
+3 * 4
+4 +8 4
+3 * 4
+2 +3 4
+2 * 4
+6 +11 4
+3 * 4
+2 * 4
+3 * 4
+3 * 4
+7 * 4
+7 * 4
+7 * 4
cfi=(28)
cfn=(102)
calls=4 0x30f1e17f60 44 
* * 332
+5 +1 4
+4 * 4
+7 * 4
+7 * 4
+7 * 4
+3 * 4
+6 +5 4
+3 * 4
+6 +15 8
+4 -73 8
+5 * 8
+4 * 8
+4 * 8
+3 * 8
+6 +4 4
+4 * 4
+3 -2 4
+3 * 4
+6 +2 4
+4 * 4
+3 * 4
+3 * 4
+4 * 4
+7 * 4
+3 * 4
+3 * 4
+5 * 4
+3 * 4
cfi=(27)
cfn=(98)
calls=4 0x30f1e170b0 82 
* * 24
+5 -2 4
+4 * 4
+18 +11 4
+4 * 4
+3 +2 4
+8 -2 4
+7 +2 4
+6 +2 2
+7 * 2
+4 * 2
+4 -2 2
+3 * 2
+6 * 2
+3 +2 2
+3 * 2
+3 +1 2
+5 -1 2
+3 * 2
+4 +1 2
+8 * 2
+4 * 2
+3 * 2
+3 -3 2
+3 * 2
+6 +5 2
+4 * 2
+3 * 2
+7 * 2
+69 +57 4
+4 -77 4
+7 +77 4
+3 * 4
+6 +9 4
fi=(3) /usr/src/debug/glibc-2.12-2-gc4ccff1/elf/dynamic-link.h
+3 113 4
fe=(18)
+3 1345 4
fi=(3)
+4 113 4
+6 +6 4
+3 -2 4
+4 +2 4
+3 * 4
+2 +7 4
+5 +5 4
+6 +3 4
+6 +1 4
+6 -3 4
+6 -5 4
+6 * 4
+6 -1 28
+3 * 28
+3 * 28
+4 * 28
+6 +1 19
+3 * 19
+3 * 19
+4 +10 19
+4 -18 19
+3 * 19
+3 * 19
-10 +18 9
+4 -18 9
+3 * 9
+3 * 9
+2 +2 93
+4 * 93
+2 +8 65
+5 +8 65
+4 -18 65
+3 * 65
+3 * 65
+2 +25 4
+3 * 4
+3 * 4
+2 +20 1
+4 * 1
+3 * 1
+2 * 1
+4 +1 1
+4 * 1
+3 * 1
+2 * 1
+4 +1 1
+4 * 1
+3 * 1
+2 * 1
+4 +1 1
+4 * 1
+3 * 1
+2 * 1
+4 +2 1
+4 * 1
+3 * 1
+2 * 1
+4 +5 1
+7 * 1
+3 * 1
+2 * 1
+4 +1 1
+7 * 1
+3 * 1
+6 +1 1
+7 * 1
+3 * 1
+6 +35 4
+7 * 4
+3 * 4
+2 +5 1
+4 +2 1
+3 -2 1
+2 * 1
+6 +2 1
+9 +2 1
+3 * 1
+15 +2 1
+3 * 1
+2 +1 1
+7 +2 1
+7 * 1
+3 * 1
-10 * 3
+7 * 3
+3 * 3
+2 +2 2
+4 * 2
+6 +2 2
+3 * 2
+2 +1 1
+7 +2 1
+8 * 1
-8 * 3
+8 * 3
fe=(18)
+10 1351 4
+3 * 4
+2 * 4
+6 +16 4
+7 * 4
+3 * 4
+6 +19 4
+3 * 4
+7 +2 4
+6 * 4
+2 * 4
+7 * 4
+2 * 4
+6 +51 4
+7 * 4
+3 * 4
+2 +1 1
+3 * 1
+7 +3 1
+6 * 1
cfi=(25)
cfn=(106)
calls=1 0x30f1e16ee0 82 
* * 5
-6 * 3
+6 * 3
cfi=(25)
cfn=(106)
calls=3 0x30f1e16ee0 82 
* * 15
+5 * 4
+2 * 4
+6 +8 4
+7 * 4
+6 +3 4
+3 * 4
+7 +2 4
+7 -2 4
+7 +2 4
+6 +16 4
+3 * 4
cfi=(4)
cfn=(6)
calls=4 0x30f1e09200 873 
* * 86
+5 +4 4
+4 * 4
+2 * 4
+8 * 4
+6 +18 4
+7 * 4
+6 +4 4
+7 +5 4
+8 -5 4
+7 +1 4
+7 * 4
+7 +4 4
+6 +6 4
+4 * 4
+3 * 4
cfi=(11)
cfn=(40) _dl_add_to_namespace_list
calls=4 0x30f1e0ace0 33 
* * 184
+5 +5 4
+6 -1 4
+2 * 4
+6 +20 4
+4 * 4
+3 * 4
+1 * 4
+2 * 4
+2 * 4
+2 * 4
+2 * 4
+1 * 4
+1 1232 4
+4 * 4
+4 * 4
+2 * 4
+4 * 4
+3 * 4
+4 * 4
cfi=(27)
cfn=(100)
calls=4 0x30f1e17110 82 
* * 20
+5 * 4
+91 1495 1
+7 * 1
+40 1321 1
+4 * 1
+3 * 1
+3 * 1
+3 * 1
+6 * 1
+5 * 1
+3 * 1
cfi=(27)
cfn=(98)
calls=1 0x30f1e170b0 82 
* * 6
+5 +3 1
+4 * 1
fi=(3)
+29 128 9
+3 * 9
+2 * 9
+3 * 9
+17 +3 9
+3 * 9
+3 * 9
+4 * 9
+2 +1 6
+3 * 6
+3 * 6
+4 * 6
+5 +2 3
+3 * 3
+3 * 3
+4 * 3
+6 +1 3
+3 * 3
+3 * 3
+4 * 3
fe=(18)

fn=(62)
0x30f1e04cf0 387 1
+2 * 1
+2 * 1
+3 * 1
+2 * 1
+2 * 1
+1 * 1
+2 * 1
+1 * 1
+3 * 1
+4 * 1
+5 * 1
+5 * 1
+5 * 1
+5 * 1
+5 * 1
+1 +4 1
+5 * 1
+3 * 1
cfi=(13)
cfn=(64) strsep
calls=1 0x30f1e15f30 -66 
* * 286
-8 * 2
+5 * 2
+3 * 2
cfi=(13)
cfn=(64)
calls=2 0x30f1e15f30 -66 
* * 244
+5 * 3
+3 * 3
+3 * 3
+6 +3 2
+3 * 2
cfi=(8)
cfn=(14)
calls=2 0x30f1e176d0 29 
* * 89
+5 +4 2
+3 -4 2
+3 +4 2
+13 +15 2
+2 * 2
+6 +29 2
+7 * 2
+3 * 2
+10 * 5
+3 * 5
+3 * 5
+6 +1 5
+4 * 5
+96 -38 2
+4 * 2
+22 * 2
+6 * 2
+2 +5 2
+6 * 2
+4 * 2
+44 +51 2
+6 * 2
+9 * 2
+21 +3 2
+7 * 2
+5 * 2
+5 * 2
cfi=(13)
cfn=(32)
calls=2 0x30f1e161d0 95 
* * 58
* * 2
+5 +3 2
+3 -3 2
+3 +3 2
+6 +4 2
+7 +2 2
+3 * 2
+3 * 2
+5 -2 2
+5 * 2
+4 +2 2
cfi=(14)
cfn=(58)
calls=2 0x30f1e184b0 56 
* * 58
+5 * 2
+3 +3 2
+7 -2 2
+5 * 2
+4 +2 2
+2 +1 1
+7 +5 1
+2 * 1
+5 +1 1
+7 -1 1
+4 * 1
+2 +1 1
+3 * 1
-23 -1 1
+2 * 1
+5 +1 1
+7 -1 1
+4 * 1
+2 +1 1
+3 * 1
+6 * 2
+4 * 2
+5 * 2
+3 * 2
+4 * 2
+3 * 2
+3 * 2
+3 * 2
+3 * 2
+4 * 2
+3 * 2
+6 * 1
+2 * 1
+6 +1 1
+4 -1 1
+4 * 1
+3 * 1
-11 +1 1
+4 -1 1
+4 * 1
+3 * 1
+2 * 1
+3 * 1
+2 * 2
+3 * 2
+3 * 2
+3 * 2
+4 * 2
+8 * 2
+3 * 2
+2 * 1
+4 -98 1
+5 * 1
+2 +98 1
+6 * 1
+5 * 1
+6 +1 1
+3 * 1
+4 * 1
+4 * 1
+3 * 1
+6 * 1
+2 * 1
+3 * 1
+3 * 1
+4 * 2
+4 -1 2
+4 * 2
+3 * 2
+2 +4 2
+6 -1 2
+5 * 2
+4 +1 2
+44 +7 2
+7 * 2
+3 +1 2
+7 +3 2
+4 * 2
+4 * 2
+5 +5 1
+8 +3 1
+3 * 1
+4 * 1
+1 * 1
+1 * 1
+2 * 1
+2 * 1
+2 * 1
+2 * 1
+79 -14 2
+8 * 2
+34 -9 1
+2 * 1
+6 * 1

fl=(15)
fn=(46)
0x30f1e17560 135 955
+2 +1 955
+2 +1 955
+2 +1 378
+3 +1 378
+3 +1 378
+2 +1 378
cfn=(47) strcmp'2
calls=378 -14 -6 
* * 14270
+5 +5 577
+5 +1 577
+5 +1 577
+3 +1 577

fn=(47)
0x30f1e17560 135 1994
+2 +1 1994
+2 +1 1994
+2 +1 1772
+3 +1 1772
+3 +1 1772
+2 +1 1772
cfn=(47)
calls=1616 -14 -6 
* * 63947
+2 +2 156
+2 +1 156
+1 +2 222
+5 +1 222
+5 +1 222
+3 +1 222

fl=(22) /usr/src/debug/glibc-2.12-2-gc4ccff1/elf/dl-error.c
fn=(74) _dl_catch_error
0x30f1e0e200 160 8
+1 * 8
+7 * 8
+5 * 8
+5 * 8
+5 * 8
+5 * 8
+5 +9 8
+9 +2 8
cfi=(2) /usr/src/debug/glibc-2.12-2-gc4ccff1/elf/rtld.c
cfn=(76) _dl_initial_error_catch_tsd
calls=8 0x30f1e00b50 796 
* * 16
+6 * 8
+4 +1 8
+3 +2 8
+5 * 8
+2 -2 8
+8 +2 8
cfi=(23) /usr/src/debug////////glibc-2.12-2-gc4ccff1/setjmp/../sysdeps/x86_64/setjmp.S
cfn=(78) __sigsetjmp
calls=8 0x30f1e17200 26 
* * 152
+5 +1 8
+2 -1 8
+2 +1 8
+2 +2 8
+4 * 8
+5 +1 8
+5 -1 8
+3 +1 8
cfi=(29) /usr/src/debug/glibc-2.12-2-gc4ccff1/elf/dl-deps.c
cfn=(112) openaux
calls=7 0x30f1e0c350 62 
* * 17005
cfi=(2)
cfn=(80) map_doit
calls=1 0x30f1e016c0 628 
* * 2187
+4 +1 8
+8 * 8
+4 * 8
+3 +1 8
+5 +1 8
+5 -1 8
+7 +2 8
+5 -1 8
+7 +1 8
+3 +10 8
+2 * 8
+7 * 8
+1 * 8

fn=(132) _dl_receive_error
0x30f1e0e180 198 1
+5 * 1
+5 * 1
+3 * 1
+3 * 1
+5 * 1
+5 * 1
+5 * 1
+5 * 1
+4 * 1
+3 +1 1
cfi=(2)
cfn=(76)
calls=1 0x30f1e00b50 796 
* * 2
+6 +5 1
+7 -1 1
+3 -4 1
+3 +9 1
+7 +2 1
+3 -3 1
+7 +3 1
cfi=(2)
cfn=(134) version_check_doit
calls=1 0x30f1e025d0 660 
* * 6667
+2 +2 1
+4 +1 1
+7 +1 1
+5 * 1
+5 * 1
+5 * 1
+5 * 1
+5 * 1
+5 * 1
+4 * 1

fl=(29)
fn=(112)
0x30f1e0c350 62 7
+1 * 7
+3 +7 7
+3 -4 7
+5 * 7
+3 * 7
+4 * 7
+7 * 7
+4 * 7
+3 * 7
+3 * 7
+2 * 7
+3 * 7
+4 * 7
cfi=(18)
cfn=(82)
calls=7 0x30f1e08210 1984 
* * 16886
+5 * 7
+4 +5 7
+1 * 7

fn=(110) _dl_map_object_deps
0x30f1e0c830 149 1
+1 +1 1
+3 -1 1
+3 * 1
+2 +1 1
+4 -1 1
+2 * 1
+2 +1 1
+4 -1 1
+2 +1 1
+4 * 1
+4 -1 1
+1 * 1
+7 * 1
+6 * 1
+7 +1 1
+3 -1 1
+7 +1 1
+5 * 1
+4 +16 1
+4 -16 1
+7 +14 1
+6 +1 1
+4 +1 1
+4 +6 1
+7 * 1
+3 * 1
+3 +10 1
+2 -10 1
+6 +10 1
+6 -36 1
+3 * 1
+2 * 1
+6 * 1
+5 * 1
+8 +20 1
+4 -2 1
+4 +19 1
+4 -17 1
+3 +6 1
+4 -6 1
+4 -2 1
+4 +2 1
+4 -2 1
+6 +1 1
+4 +1 1
+4 +6 1
+8 * 1
+3 * 1
+3 +10 1
+3 -10 1
+7 +10 1
+2 * 1
+3 * 1
+6 * 1
+2 * 1
+4 +19 1
+6 -15 1
+4 +18 1
+7 338 1
+4 * 1
+4 * 1
+4 186 1
+7 * 1
+8 338 1
+4 201 1
+6 * 1
+7 +2 1
+8 +1 1
+10 338 1
+4 * 1
+7 * 1
+7 * 1
+7 208 1
+4 +5 1
+6 +4 1
+8 * 1
-18 -9 5
+4 +5 5
+6 +4 5
+8 * 5
+6 +2 2
+3 +3 2
+5 * 2
-5 * 4
+5 * 4
+6 +10 4
+6 -8 4
+4 +7 4
+6 -7 4
+4 +8 4
+3 +3 4
+4 -5 4
+4 +1 4
+3 -7 4
+4 +5 4
+4 +6 4
+3 * 4
+3 * 4
+6 * 4
+7 * 4
+3 * 4
+7 * 4
+2 +50 7
+3 * 7
+2 +1 4
+3 * 4
+4 * 4
+5 -51 4
+4 * 4
+3 * 4
+3 * 4
-10 * 93
+4 * 93
+3 * 93
+3 * 93
+6 +1 97
+4 * 97
+6 +6 7
+4 * 7
+4 * 7
+5 * 7
+3 * 7
cfi=(19)
cfn=(60)
calls=7 0x30f1e174e0 26 
* * 229
+5 * 7
+3 * 7
+6 * 7
+3 +5 7
+7 * 7
+4 * 7
+7 * 7
+7 * 7
+7 -3 7
+4 +3 7
cfi=(22)
cfn=(74)
calls=7 0x30f1e0e200 -87 
* * 17404
+5 +2 7
+4 * 7
+3 * 7
+6 +15 7
+4 +2 7
+7 * 7
+6 +5 4
+4 +6 4
+7 +2 4
+7 -8 4
+5 * 4
+4 +5 4
+8 -2 4
+4 +1 4
+6 +2 4
+4 +4 4
+7 * 4
+3 * 4
+3 * 4
+6 * 4
+7 * 4
+5 -59 2
+8 * 2
+6 * 2
+8 * 2
+6 +13 2
+3 466 2
+3 * 2
-3 * 4
+3 * 4
+2 +2 4
+5 * 4
+3 * 4
+9 +2 4
+5 * 4
+4 * 4
cfi=(13)
cfn=(32)
calls=4 0x30f1e161d0 95 
* * 116
* * 4
+5 +2 4
+3 -2 4
+3 +2 4
+6 +4 4
+3 * 4
+4 * 4
+3 * 4
+4 -1 4
+3 +2 4
+4 -1 4
+3 * 4
cfi=(14)
cfn=(38)
calls=4 0x30f1e186e0 56 
* * 91
+5 +1 4
+4 * 4
+3 * 4
+3 * 4
cfi=(14)
cfn=(38)
calls=4 0x30f1e186e0 56 
* * 91
+5 +4 4
+8 -1 4
+7 +5 4
+7 * 4
+2 * 4
+2 * 4
-11 * 2
+7 * 2
+2 * 2
+2 * 2
+6 * 6
+3 * 6
+7 +2 6
+4 +1 6
+3 * 6
+2 * 5
+2 * 5
+2 * 5
+2 * 5
+7 * 5
+3 * 5
+5 217 6
+7 * 6
+6 * 5
+8 * 5
+6 +1 5
+8 -1 5
+3 * 5
+6 +2 4
+3 * 4
+8 * 4
+5 * 4
+3 * 4
+5 * 4
+4 * 4
+5 488 1
+7 * 1
+7 * 1
+3 +4 1
+2 * 1
+2 * 1
+7 * 1
+2 +1 1
+6 * 1
+6 +3 1
+7 * 1
+7 * 1
+3 * 1
+7 * 1
+37 +11 1
+6 * 1
+4 * 1
+4 * 1
cfi=(13)
cfn=(32)
calls=1 0x30f1e161d0 95 
* * 29
* * 1
+5 +2 1
+3 -2 1
+3 +2 1
+6 +5 1
+6 * 1
+7 +1 1
+6 -1 1
+3 +1 1
+7 -1 1
+4 +1 1
+6 -1 1
+7 +1 1
+6 * 1
+7 * 1
+7 * 1
+2 * 1
+3 +8 1
+7 * 1
+4 * 1
+2 * 1
+3 * 1
+4 +4 1
+4 * 1
+7 -10 1
+4 * 1
+3 * 1
-38 +6 5
+7 * 5
+4 * 5
+2 * 5
+3 * 5
+4 +4 5
+4 * 5
+7 -10 5
+4 * 5
+3 * 5
+2 * 1
+3 +13 1
+7 * 1
+6 +53 1
+7 * 1
+7 * 1
+3 * 1
0x30f1e0ce87 +43 1
+8 -5 1
+7 +6 1
+2 * 1
+6 -1 1
+4 * 1
+4 * 1
+4 * 1
+3 * 1
+5 * 1
+4 +1 1
+3 * 1
+7 * 1
cfi=(28)
cfn=(102)
calls=1 0x30f1e17f60 44 
* * 19
+5 * 1
+3 +25 1
+3 * 1
+7 -25 1
+3 +25 1
+3 -25 1
+6 +25 1
+6 -21 1
+3 * 1
+5 +7 1
+7 -6 1
+4 * 1
+3 +6 1
-22 -7 4
+3 * 4
+5 +7 4
+7 -6 4
+4 * 4
+3 +6 4
+2 * 4
+7 * 4
+5 +2 4
+3 * 4
+4 * 4
+4 * 4
+7 +1 4
+3 * 4
-21 -1 6
+3 * 6
+4 * 6
+4 * 6
+7 +1 6
+3 * 6
+2 * 4
+9 +3 13
+3 * 13
+2 * 13
+4 -1 13
+3 * 13
+3 * 13
-6 * 6
+3 * 6
+3 * 6
+2 +23 10
+4 -28 10
+3 * 10
+2 +31 5
+4 * 5
+4 * 5
+6 * 4
+3 +3 4
+3 * 4
+4 * 4
+2 * 4
+7 * 4
+7 * 4
+3 * 4
+4 * 4
cfi=(28)
cfn=(102)
calls=4 0x30f1e17f60 44 
* * 70
+5 * 4
+7 * 4
+7 -45 4
+3 * 4
0x30f1e0d030 +45 1
+7 +7 1
+7 * 1
+8 +2 1
+7 +1 1
+7 -1 1
+7 +9 1
+8 * 1
+14 +3 1
+4 * 1
+6 +3 1
+4 * 1
+1 * 1
+2 * 1
+2 * 1
+2 * 1
+2 * 1
+1 * 1
+1 288 90
+6 * 90
+2 * 90
+6 * 90
0x30f1e0d885 619 1
+3 * 1
+7 * 1
+7 * 1
+8 * 1
+7 * 1
+3 * 1
+3 * 1
cfi=(14)
cfn=(38)
calls=1 0x30f1e186e0 56 
* * 47
+5 +2 1
+4 * 1
+6 * 1

fl=(5)
fn=(8) _dl_sysdep_start
0x30f1e159c0 89 1
+2 * 1
+2 * 1
+2 * 1
+2 * 1
+1 * 1
+3 * 1
+1 * 1
+4 +25 1
+3 -1 1
+7 +1 1
+4 * 1
+7 * 1
+6 * 1
+2 * 1
+5 * 1
+4 * 1
+7 * 1
+2 * 56
+4 * 56
+4 * 56
+2 +3 1
+7 -3 1
+4 +6 1
+3 * 1
+2 -2 1
+11 -1 1
+5 +3 1
+4 -6 1
+7 +6 1
+3 * 1
+6 * 1
+8 * 1
+7 +1 1
+7 -1 1
+7 * 1
+7 * 1
+3 * 1
+7 * 1
+7 * 1
+7 * 1
+6 +1 1
+4 * 1
+4 * 1
-8 * 17
+4 * 17
+4 * 17
+2 * 16
+4 * 16
+3 * 16
+7 +3 1
+4 * 1
+4 -4 1
+4 * 1
+3 * 1
+3 * 1
-10 * 9
+4 * 9
+3 * 9
+3 * 9
+6 * 1
+7 * 1
+5 * 1
+7 * 1
+7 * 1
+7 * 1
+7 * 1
+8 * 1
+7 * 1
fi=(16) /usr/src/debug/glibc-2.12-2-gc4ccff1/elf/../sysdeps/unix/sysv/linux/dl-sysdep.c
+7 -84 1
+2 * 1
cfi=(6)
cfn=(10)
calls=1 0x30f1e162c0 -7 
* * 11
fi=(7)
+5 226 1
+7 * 1
+3 * 1
+2 * 1
+3 * 1
fe=(5)
+17 +3 1
+2 * 1
cfi=(9)
cfn=(16)
calls=1 0x30f1e16310 35 
* * 17
+5 * 1
+7 * 1
+3 * 1
+6 +12 1
+6 * 1
+2 * 1
+6 +3 1
+5 * 1
+3 * 1
+3 * 1
+7 * 1
cfi=(2)
cfn=(18) dl_main
calls=1 0x30f1e02610 888 
* * 327865
+2 +2 1
+5 * 1
+4 * 1
+1 * 1
+1 * 1
+2 * 1
+2 * 1
+2 * 1
+2 * 1
+39 -67 1
+4 -59 1
+4 * 1
+3 * 1
+3 * 1
+18 +34 1
+4 -34 1
+4 * 1
+3 * 1
+3 * 1
+50 +43 1
+4 -43 1
+4 * 1
+3 * 1
+3 * 1
+18 +40 1
+4 -40 1
+4 * 1
+3 * 1
+3 * 1
+18 +37 1
+4 -37 1
+4 * 1
+3 * 1
+3 * 1
+6 * 1
+12 +13 1
+4 -13 1
+4 * 1
+3 * 1
+3 * 1
+18 +10 1
+4 -10 1
+4 * 1
+3 * 1
+3 * 1
+18 +7 1
+4 -7 1
+4 * 1
+3 * 1
+3 * 1
+18 227 1
cfi=(8)
cfn=(14)
calls=1 0x30f1e176d0 29 
* * 39
+5 * 1
+7 * 1

fn=(56)
0x30f1e15180 354 1
+1 * 1
+3 * 1
+2 * 1
+2 * 1
+2 * 1
+2 +3 1
+3 -3 1
+1 * 1
+4 +3 1
+3 -1 1
+7 +1 1
+4 +9 1
+7 -12 1
+4 * 1
+4 * 1
+4 * 1
+4 +12 1
+56 +10 1
+7 * 1
+3 * 1
0x30f1e15389 +75 1
+3 * 1
+86 +8 1
+5 * 1
+2 +2 1
+4 +1 1
+4 -1 1
+4 * 1
+3 +1 1
+4 * 1
+5 * 1
+4 +11 1
+5 -7 1
+4 * 1
+7 +1 1
+8 -1 1
+3 +7 1
+6 +4 1
+4 * 1
+4 * 1
+4 * 1
+4 * 1
+5 * 1
+4 +1 1
+5 * 1
+6 +18 1
+3 * 1
+5 * 1
+4 * 1
+3 * 1
+4 * 1
+2 * 1
+2 * 1
+3 * 1
+3 * 1
+4 * 1
+3 +1 1
+4 * 1
+4 * 1
cfi=(13)
cfn=(32)
calls=1 0x30f1e161d0 95 
* * 29
* * 1
+5 +1 1
+3 -1 1
+3 +1 1
+6 +4 1
+5 * 1
+6 +22 1
+4 * 1
+3 * 1
+4 +3 1
+5 -3 1
+4 * 1
+3 * 1
+4 +3 1
0x30f1e15591 +28 1
+4 * 1
+5 -7 1
+2 +7 1
+3 * 1
+3 * 1
+2 * 1
+4 +1 1
+3 -1 1
+4 +1 1
+4 -1 1
+3 +1 1
+9 -1 1
-23 +1 3
+3 -1 3
+4 +1 3
+4 -1 3
+3 +1 3
+9 -1 3
+2 * 1
+4 * 1
+4 +5 1
+5 * 1
+4 -5 1
+4 * 1
+5 * 1
+5 +5 1
+4 * 1
+3 * 1
+3 +3 1
+3 -3 1
+3 +3 1
-16 -3 1
+4 * 1
+3 * 1
+3 +3 1
+3 -3 1
+3 +3 1
+2 * 2
+3 * 2
+3 * 2
+8 +2 4
+4 * 4
+3 * 4
+4 * 4
+4 -2 4
+4 +1 4
+4 * 4
+3 * 4
-11 -1 2
+4 +1 2
+4 * 2
+3 * 2
-7 * 2
+4 * 2
+3 * 2
+2 -1 4
+3 * 4
+2 * 2
+4 +4 2
+3 * 2
+2 +3 1
+3 +2 1
+4 * 1
+5 -1 1
+4 -1 1
+3 * 1
+3 +2 1
+3 * 1
+3 * 1
+70 +13 1
+4 * 1
+5 * 1
+2 * 1
+3 * 1
+4 * 1
+4 * 1
+4 * 1
+10 * 1
+3 * 1
+4 * 1
+3 +1 1
+4 +2 1
+4 * 1
-18 -3 1
+3 * 1
+4 * 1
+3 +1 1
+4 +2 1
+4 * 1
+2 +3 1
+4 * 1
+4 * 1
+3 +3 1
+4 * 1
+3 * 1
+1 * 1
+2 * 1
+2 * 1
+2 * 1
+2 * 1
+1 * 1
+4 418 1
+4 +3 1
+3 -3 1
+4 +3 1
+3 * 1
+4 * 1
+4 * 1
+3 * 1
+2 * 1
+5 * 1
+4 * 1
0x30f1e15786 529 1
+4 * 1
+4 * 1
+4 * 1
+4 * 1
cfi=(14)
cfn=(58)
calls=1 0x30f1e184b0 56 
* * 22
+5 * 1
+3 +1 1
+4 -1 1
+4 +1 1
+3 * 1
cfi=(14)
cfn=(58)
calls=1 0x30f1e184b0 56 
* * 22
+5 * 1
+3 * 1
+7 * 1

fn=(176) _dl_sysdep_start_cleanup
0x30f1e14fa0 252 1

fl=(2)
fn=(76)
0x30f1e00b50 796 9
+7 * 9

fn=(142) init_tls
0x30f1e024c0 782 1
+2 -56 1
+8 -4 1
+7 -2 1
+1 +2 1
+7 +4 1
+2 +60 1
+3 * 1
+1 * 1
+1 -54 1
+4 +3 1
+4 * 1
+3 * 1
+4 * 1
cfi=(13)
cfn=(28)
calls=1 0x30f1e16280 111 
* * 39
* * 1
+5 +14 1
+7 -14 1
+7 +7 1
+3 +1 1
+8 +6 1
+3 * 1
+2 * 1
+2 +2 1
+8 * 1
-8 * 5
+8 * 5
+2 +4 1
+3 +2 1
+3 -2 1
+4 * 1
+5 -5 1
+4 -1 1
+3 * 1
-7 +1 5
+4 -1 5
+3 * 5
+2 +13 1
cfi=(21)
cfn=(144)
calls=1 0x30f1e117b0 138 
* * 55
+5 +7 1
cfi=(21)
cfn=(146)
calls=1 0x30f1e11670 354 
* * 424
+5 +1 1
+3 -1 1
+3 +1 1
+2 +6 1
+4 +4 1
+5 -4 1
+7 +4 1
+3 * 1
+5 * 1
+4 * 1
+2 * 1
+2 * 1
+2 +3 1
+7 +2 1

fn=(2) _dl_start
0x30f1e01130 365 1
+1 * 1
+3 * 1
+2 * 1
+2 * 1
+2 * 1
+2 * 1
+1 * 1
+3 * 1
+4 +18 1
+2 * 1
+4 * 1
+2 * 1
fi=(7)
+3 76 1
+7 * 1
fe=(2)
+7 383 1
+7 +29 1
+3 * 1
+7 -3 1
fi=(3)
+7 119 1
fe=(2)
+3 412 1
fi=(3)
+7 119 1
+3 * 1
+2 +3 1
+7 +4 1
+5 +5 1
+6 +3 1
+6 +1 1
+6 -3 1
+6 -5 1
+6 * 1
+2 -5 14
+8 +15 14
+4 -18 14
+3 * 14
+3 * 14
-10 +18 3
+4 -18 3
+3 * 3
+3 * 3
+2 +2 22
+4 * 22
+2 +5 8
+3 * 8
+3 * 8
+4 * 8
+6 +1 5
+3 * 5
+3 * 5
+4 +10 5
+4 -18 5
+3 * 5
+3 * 5
+2 * 1
+7 +25 1
+3 * 1
fe=(2)
0x30f1e01366 547 1
+7 288 1
+8 * 1
+6 * 1
+2 * 1
+3 * 1
+3 * 1
+2 * 1
+2 * 1
+3 * 1
+2 * 1
+2 * 1
+2 * 1
+2 * 1
+4 * 1
+3 * 1
+4 * 1
+3 * 1
+4 * 1
+2 * 1
+4 * 1
+2 * 1
+3 * 1
+3 * 1
+3 * 1
+3 * 1
+3 * 1
+3 * 1
+3 * 1
+4 * 1
+2 * 1
+2 * 1
+2 * 1
+2 * 1
+4 * 1
+2 * 1
+4 * 1
+2 * 1
+3 * 1
+3 * 1
+3 * 1
+3 * 1
+4 * 1
+2 * 1
+2 * 1
+2 * 1
+2 * 1
+4 * 1
+2 * 1
+4 * 1
+2 * 1
+3 * 1
+3 * 1
+3 * 1
+3 * 1
+4 * 1
+2 * 1
+2 * 1
+2 * 1
+2 * 1
+4 * 1
+4 * 1
+2 * 1
+2 * 1
+3 * 1
+3 * 1
+3 * 1
+3 * 1
+4 * 1
+7 +12 1
+7 * 1
cfi=(4)
cfn=(6)
calls=1 0x30f1e09200 873 
* * 24
+5 +1 1
+7 +1 1
+7 +1 1
+7 -2 1
+7 +3 1
+7 -2 1
+7 +1 1
+7 +1 1
+7 +21 1
+2 +10 1
+7 -10 1
+4 * 1
+2 * 1
+3 +10 1
+3 -6 1
+7 -4 1
+7 +10 1
cfi=(5)
cfn=(8)
calls=1 0x30f1e159c0 89 
* * 328364
+5 * 1
+3 +9 1
+2 +7 1
+7 -4 1
+7 +4 1
+6 572 1
+4 * 1
+3 * 1
+1 * 1
+2 * 1
+2 * 1
+2 * 1
+2 * 1
+1 * 1
fi=(3)
+2 128 3
+3 * 3
+2 * 3
+3 * 3
+24 +3 3
+3 * 3
+3 * 3
+4 * 3
+2 +1 2
+3 * 2
+3 * 2
+4 * 2
+10 +2 1
+3 * 1
+3 * 1
+4 * 1
+6 +1 1
+3 * 1
+3 * 1
+4 * 1
fe=(2)
+6 540 1
+8 * 1

fn=(18)
0x30f1e02610 888 1
+1 +19 1
+7 -19 1
+3 * 1
+2 * 1
+2 * 1
+2 * 1
+3 +22 1
+7 -22 1
+2 * 1
+3 +32 1
+7 -32 1
+1 * 1
+7 * 1
+6 * 1
+7 +27 1
+7 -1 1
+7 +6 1
+7 +3 1
+4 -16 1
+7 +3 1
+7 +4 1
+7 +1 1
+7 +8 1
cfn=(20) process_envvars
calls=1 0x30f1e01d40 2532 
* * 598
+5 +7 1
+7 * 1
+4 * 1
0x30f1e02851 1109 1
+7 * 1
+2 * 1
+3 * 1
+6 * 1
+2 +9 1
+3 -9 1
+3 * 1
cfi=(11)
cfn=(24)
calls=1 0x30f1e0ad80 62 
* * 250
+5 +4 1
+8 -4 1
+3 +3 1
+7 +6 1
+2 * 1
+3 -5 1
+8 +1 1
+4 * 1
+7 +4 1
cfi=(11)
cfn=(40)
calls=1 0x30f1e0ace0 33 
* * 31
+5 * 1
+6 +30 1
+4 -3 1
+7 +3 1
+3 -8 1
+11 +1 1
+11 +2 1
+11 +5 1
+4 * 1
+3 * 1
+6 * 1
+3 * 1
+2 +1 5
+3 * 5
+6 * 4
+3 * 4
+6 * 3
+3 * 3
+6 -1 8
+4 * 8
+3 * 8
+6 +1 8
+2 * 8
+3 * 8
+6 * 7
+2 * 2
+6 * 2
+6 * 1
+6 * 1
+2 * 1
+3 * 1
0x30f1e029b3 +91 1
+3 * 1
+6 +1 1
+5 -88 1
+3 * 1
+4 * 1
+3 +1 1
+5 +49 2
+7 +1 2
+4 -1 2
+3 * 2
+3 * 2
+3 * 2
+3 +2 2
+7 * 2
+2 +1 1
+7 * 1
+4 +3 1
+4 * 1
+4 +1 1
+7 * 1
-15 -1 1
+4 * 1
+4 +1 1
+7 * 1
+2 +1 2
+7 +1 2
+4 * 2
+6 * 1
+7 * 1
+6 +1 1
+7 * 1
+5 -43 1
+7 -3 1
+3 * 1
+4 +3 1
+7 +7 1
+2 * 1
+8 -10 1
+7 +10 1
+2 +68 1
+6 * 1
+62 -87 1
+3 * 1
+4 * 1
+4 +1 1
+5 +92 1
+7 * 1
+3 * 1
+12 +3 1
+8 * 1
+13 +2 1
+8 * 1
+13 +2 1
+7 * 1
+3 * 1
+6 +13 1
+7 * 1
+3 * 1
+2 +1 1
+7 * 1
+3 * 1
+4 * 1
+4 * 1
+3 * 1
cfi=(15)
cfn=(46)
calls=1 0x30f1e17560 135 
* * 7
+5 -1 1
+2 * 1
+2 +12 1
+7 * 1
+7 -4 1
+11 -2 1
+7 +3 1
+10 +3 1
+4 +6 1
+3 * 1
fi=(3)
+6 104 1
+4 +9 1
+3 * 1
+6 +6 1
+3 -2 1
+4 +2 1
+3 * 1
+2 +7 1
+6 +5 1
+6 +3 1
+6 +1 1
+6 -3 1
+6 -5 1
+5 * 1
+2 -1 3
+3 * 3
+3 * 3
+4 * 3
+6 +1 3
+3 * 3
+3 * 3
+4 +10 3
+4 -18 3
+3 * 3
+3 * 3
+2 +2 21
+4 * 21
+2 +8 18
+5 +8 18
+4 -18 18
+3 * 18
+3 * 18
+2 +25 1
+3 * 1
+3 * 1
0x30f1e02c57 +67 1
+7 * 1
+3 * 1
+54 +14 1
+7 * 1
+3 * 1
+21 +7 1
+8 * 1
fe=(2)
+10 1294 1
+3 * 1
cfi=(4)
cfn=(6)
calls=1 0x30f1e09200 873 
* * 14
+5 +3 1
+4 * 1
+6 +20 1
+8 * 1
+7 * 1
+7 * 1
0x30f1e03132 +92 1
cfi=(16)
cfn=(50) _dl_discover_osversion
calls=1 0x30f1e14fb0 67 
* * 92
+5 * 1
+2 * 1
+6 * 1
+6 * 1
+2 * 1
+6 * 1
+6 * 1
+5 * 1
+6 +5 1
+7 * 1
cfi=(18)
cfn=(54)
calls=1 0x30f1e06540 633 
* * 1960
+5 +3 1
+7 * 1
+2 * 1
cfi=(20)
cfn=(66)
calls=1 0x30f1e0ee00 52 
* * 23
+5 +7 1
+8 -7 1
+7 +2 1
+7 +5 1
+6 +4 1
+7 +3 1
+7 -2 1
+7 +3 1
+8 -2 1
+7 -2 1
+3 * 1
+3 +9 1
+8 -9 1
+6 +1 1
+4 +8 1
+6 +5 1
+7 +4 1
+4 -3 1
+3 * 1
+4 +3 1
+7 +4 1
+4 -5 1
+7 +5 1
+4 * 1
+5 +1 1
+3 * 1
+2 +1 1
+2 -1 1
+4 * 1
+3 +1 1
+4 * 1
+6 * 1
+2 +2 1
+4 * 1
+7 +1 1
+4 * 1
+7 +5 1
+8 * 1
+6 +5 1
+7 * 1
+3 * 1
+3 * 1
+6 1642 1
cfi=(21)
cfn=(68)
calls=1 0x30f1e10e90 116 
* * 5
+5 * 1
+7 +8 1
+7 * 1
+3 * 1
+2 +3 1
+7 * 1
+4 +4 1
+7 * 1
+3 * 1
+13 +5 1
+7 * 1
+7 +1 1
cfi=(20)
cfn=(70)
calls=1 0x30f1e0ee90 77 
* * 1
+5 +1 1
+1 +4 1
+6 * 1
+2 * 1
+6 +19 1
+7 * 1
+3 * 1
+3 * 1
+6 +31 1
+7 * 1
+5 * 1
cfi=(25)
cfn=(108)
calls=1 0x30f1e16f70 82 
* * 11
+5 * 1
+2 * 1
+6 +77 1
+7 * 1
+2 * 1
+3 * 1
+3 * 1
+6 +17 1
+2 +1 1
+2 * 1
+4 -1 1
+3 +1 1
+3 * 1
+3 -1 1
+3 +1 1
+3 * 1
+3 * 1
cfi=(29)
cfn=(110)
calls=1 0x30f1e0c830 149 
* * 20163
+5 +1 1
+2 +2 1
+4 * 1
+2 * 1
+4 * 1
+3 * 1
+7 +3 1
+6 -3 1
+3 * 1
+3 +3 1
+2 -3 1
+3 +3 1
+2 -3 1
+7 +3 1
+2 +1 1
+7 * 1
+3 * 1
+2 * 1
+4 * 1
+7 -1 1
+2 * 1
-18 +1 5
+3 * 5
+2 * 5
+4 * 5
+7 -1 5
+2 * 5
+2 * 1
+6 +4 1
+7 * 1
+7 * 1
+4 +1 1
+7 * 1
+3 * 1
+2 +1 1
+4 +2 1
+3 * 1
+2 +1 1
+7 * 1
+7 * 1
+4 * 1
+6 * 1
+3 * 1
+5 * 1
+2 * 4
+4 * 4
+7 * 4
+4 * 4
+3 * 4
+6 -1 4
+3 * 4
+2 * 4
0x30f1e034e8 +1 1
+3 * 1
+4 +13 1
+4 -1 1
+4 * 1
+7 +1 1
+6 +2 1
+3 * 1
+2 * 1
+6 * 1
+8 +5 1
+7 -5 1
+7 +4 1
+3 * 1
+12 +12 1
+3 +3 1
+7 +1 1
+7 -1 1
+4 +1 1
+7 * 1
+3 * 1
+6 +11 1
+2 * 1
+4 +2 1
+7 * 1
+4 * 1
+7 -2 1
+3 * 1
+3 +1 1
+2 * 1
+4 * 1
+3 * 1
+3 +1 1
cfi=(22)
cfn=(132)
calls=1 0x30f1e0e180 198 
* * 6697
+5 +10 1
+7 +1 1
+3 -1 1
+7 +1 1
+6 +3 1
+8 * 1
+2 851 1
fi=(36) /usr/src/debug/glibc-2.12-2-gc4ccff1/elf/../sysdeps/unix/sysv/linux/dl-osinfo.h
+7 70 1
+3 * 1
+6 +48 1
+3 * 1
fe=(2)
+4 853 1
+9 +6 1
+7 * 1
fi=(36)
+2 127 1
+3 * 1
+6 +11 1
+4 * 1
fe=(2)
+4 864 1
+9 +2 1
+7 +6 1
+11 1895 1
+4 * 1
+6 2121 1
+7 * 1
+3 * 1
0x30f1e037f1 +56 1
+7 * 1
+7 +4 1
+7 * 1
+7 * 1
+7 * 1
+7 +4 1
+7 * 1
+7 +48 1
+3 * 1
+8 +7 1
+3 -7 1
+4 +7 1
+7 +3 1
+3 * 1
+5 * 1
+3 * 1
-11 * 5
+3 * 5
+5 * 5
+3 * 5
+2 * 1
+3 +3 1
+2 * 1
+3 * 1
+6 +6 1
+5 * 1
+4 +2 1
+3 * 1
-12 -2 5
+5 * 5
+4 +2 5
+3 * 5
+6 +7 6
+7 -2 6
+9 +2 6
+3 * 6
+2 +1 5
+2 * 5
+7 * 5
+8 * 5
+3 * 5
+3 * 5
+3 * 5
cfi=(37)
cfn=(150)
calls=5 0x30f1e0b3c0 158 
* * 282657
+5 +4 6
+9 * 6
+2 * 1
+7 * 1
+2 +1 1
+3 * 1
cfi=(21)
cfn=(172)
calls=1 0x30f1e10d60 843 
* * 24
+5 +2 6
+5 +2 6
+3 * 6
+2 +1 1
+2 +2 1
+4 * 1
+2 * 1
+4 * 1
+3 * 1
+6 * 1
+3 * 1
+3 +6 1
+8 -6 1
+7 +6 1
+7 +9 1
+7 * 1
+2 * 1
+8 * 1
+16 +2 1
+8 +5 1
+3 * 1
cfi=(21)
cfn=(174)
calls=1 0x30f1e10f90 402 
* * 128
+5 +4 1
+7 * 1
+28 +11 1
+3 * 1
+2 * 1
+7 * 1
+2 +29 1
cfi=(5)
cfn=(176)
calls=1 0x30f1e14fa0 252 
* * 1
+5 +4 1
+6 * 1
+2 * 1
+6 +20 1
+2 * 1
+2 * 1
cfi=(20)
cfn=(66)
calls=1 0x30f1e0ee00 52 
* * 9
+5 +1 1
+7 -1 1
+3 +2 1
cfi=(20)
cfn=(70)
calls=1 0x30f1e0ee90 77 
* * 1
+5 +1 1
+1 +4 1
cfi=(31)
cfn=(178) _dl_unload_cache
calls=1 0x30f1e08bf0 316 
* * 15
+5 +5 1
+4 * 1
+1 * 1
+2 * 1
+2 * 1
+2 * 1
+2 * 1
+1 * 1
+39 -50 1
+2 +2 1
+7 +1 1
+7 -3 1
+3 +3 1
+7 * 1
+2 * 1
+2 -3 1
+3 +3 1
cfi=(37)
cfn=(150)
calls=1 0x30f1e0b3c0 158 
* * 9927
+5 +1 1
+2 +2 1
+4 * 1
+2 * 1
+4 * 1
+3 * 1
+7 * 1
+3 * 1
+3 * 1
+3 * 1
+7 * 1
+67 1438 1
+4 * 1
+3 * 1
+7 * 1
+5 -11 1
+7 * 1
+3 * 1
+7 * 1
0x30f1e03c12 1799 1
+3 * 1
+2 * 1
+8 * 1
+4 * 1
+4 * 1
+3 * 1
+5 * 1
+4 * 1
+3 +4 1
+2 * 1
+3 * 1
+4 +1 1
+4 +1 1
+3 * 1
+2 * 1
0x30f1e046f4 2256 1
+7 +1 1
+4 -3 1
+3 * 1
0x30f1e04797 1694 1
+3 * 1
+2 * 1
+4 * 1
* * 66
+2 * 1
+3 * 1
+4 * 1
+3 * 1
+4 * 1
+3 * 1
+5 * 1
+4 * 1
cfi=(14)
cfn=(38)
calls=1 0x30f1e186e0 56 
* * 66
+5 * 1
+4 +3 1
+2 * 1
+4 * 1
+6 * 1
+6 +3 1
+7 * 1
+3 * 1
cfi=(13)
cfn=(64)
calls=1 0x30f1e15f30 325 
* * 1266
-10 * 1
+7 * 1
+3 * 1
cfi=(13)
cfn=(64)
calls=1 0x30f1e15f30 325 
* * 4
+5 * 2
+3 * 2
+3 * 2
+2 +1 1
+4 * 1
+2 * 1
+7 * 1
+2 +3 1
+7 * 1
+3 * 1
+3 * 1
cfn=(72) do_preload
calls=1 0x30f1e015a0 802 
* * 2271
+5 * 1
+3 * 1
+14 +2 1
+2 +2 1
+6 * 1
+6 * 1
+4 * 1
+2 * 1
+3 * 1
+4 * 1
+3 * 1
+7 * 1
+3 * 1
+4 * 1
+7 * 1
+29 1888 1
cfn=(142)
calls=1 0x30f1e024c0 782 
* * 590
+5 * 1
+3 * 1

fn=(20)
0x30f1e01d40 2532 1
+1 +8 1
+7 * 1
+7 -8 1
+3 * 1
+2 * 1
+2 * 1
+2 +23 1
+7 -23 1
+2 * 1
+4 * 1
+1 * 1
+4 +8 1
+7 -8 1
+4 +8 1
+3 * 1
+4 -7 1
+7 +6 1
+3 * 1
fi=(73) /usr/src/debug/glibc-2.12-2-gc4ccff1/elf/../sysdeps/unix/sysv/linux/dl-librecon.h
+7 32 1
fe=(2)
+4 2539 1
+3 -6 1
fi=(73)
+4 32 1
+4 * 1
fe=(2)
+4 2542 1
+3 * 1
cfi=(10)
cfn=(22)
calls=1 0x30f1e15d60 31 
* * 126
-3 * 2
+3 * 2
cfi=(10)
cfn=(22)
calls=2 0x30f1e15d60 31 
* * 244
+5 * 3
+3 * 3
+3 * 3
+2 +4 2
+3 * 2
+2 * 2
+2 -4 2
+2 +4 2
+2 * 2
+5 * 17
+2 * 17
+2 +1 19
+4 -1 19
+4 * 19
+2 * 19
+2 +9 2
+4 * 2
+4 * 2
+2 * 2
+5 * 2
+3 * 2
+2 2704 1
+6 -4 1
+4 +4 1
+2 -4 1
+3 +4 1
+6 +30 1
+3 * 1
+6 +21 1
+4 * 1
+1 * 1
+2 * 1
+2 * 1
+2 * 1
+2 * 1
+1 * 1
0x30f1e01fce 2629 1
+7 * 1
+5 * 1
+3 * 1
* * 12
+2 * 1
0x30f1e020e1 -53 1
+7 * 1
+5 * 1
+3 * 1
+2 * 1
+6 +7 1
+7 * 1
+5 * 1
+3 * 1
* * 7
+2 * 1
+6 +2 1
+4 * 1
+7 +1 1
0x30f1e022e3 +45 1
+4 * 1
+7 +1 1

fn=(134)
0x30f1e025d0 660 1
+1 * 1
+3 +3 1
+3 * 1
+7 * 1
+5 * 1
cfi=(35)
cfn=(136)
calls=1 0x30f1e100b0 387 
* * 6657
+5 -1 1
+2 * 1
+8 +4 1
+1 * 1

fn=(72)
0x30f1e015a0 802 1
+5 * 1
+5 * 1
+3 * 1
+5 * 1
+4 * 1
+3 +6 1
+4 +1 1
+5 +5 1
+5 * 1
+5 * 1
+5 * 1
+7 * 1
+3 -10 1
+9 +6 1
+8 +2 1
+6 +2 1
cfi=(22)
cfn=(74)
calls=1 0x30f1e0e200 160 
* * 2244
+5 +1 1
+6 * 1
+2 +2 1
+2 * 1
+6 * 1
+3 +12 1
+5 * 1
+5 * 1
+5 * 1
+4 * 1

fn=(80)
0x30f1e016c0 628 1
+1 * 1
+3 +2 1
+4 * 1
+4 * 1
+3 * 1
+3 * 1
+2 * 1
+5 * 1
cfi=(18)
cfn=(82)
calls=1 0x30f1e08210 1984 
* * 2175
+5 * 1
+4 +2 1
+1 * 1

fn=(42) rtld_lock_default_lock_recursive
0x30f1e00b60 836 6
+4 +1 6

fn=(44) rtld_lock_default_unlock_recursive
0x30f1e00b70 842 6
+4 +1 6

fl=(55)
fn=(282)
0x30f1e14830 30 5
+4 +2 5
+4 +1 5
+5 +1 5
+5 +1 5
+5 +1 5
+5 +1 5
+5 +1 5
+5 +1 5
+5 +1 5
+5 +1 5
cfi=(56)
cfn=(284)
calls=5 0x30f1e0dfc0 +32 
* * 7405
+5 +1 5
+3 +1 5
+5 +1 5
+5 +1 5
+5 +1 5
+5 +1 5
+5 +1 5
+5 +1 5
+4 +1 5
+4 +2 5

fl=(17) /usr/src/debug////////glibc-2.12-2-gc4ccff1/posix/../sysdeps/unix/syscall-template.S
fn=(52) uname
0x30f1e17170 82 1
+5 * 1
+2 * 1
+6 * 1
+2 +1 1

fl=(16)
fn=(50)
0x30f1e14fb0 67 1
+2 * 1
+1 * 1
+1 * 1
+7 +2 1
+7 * 1
+3 * 1
0x30f1e15061 +85 1
+7 * 1
+1 * 1
+1 * 1
+2 * 1
+4 -45 1
+3 * 1
+3 * 1
cfi=(17)
cfn=(52)
calls=1 0x30f1e17170 -27 
* * 5
+5 * 1
+2 * 1
+6 * 1
+7 +12 1
+2 * 1
+2 +10 1
+4 * 1
+3 * 1
+3 * 1
-10 * 2
+4 * 2
+3 * 2
+3 * 2
+2 +4 3
+4 -2 3
+3 * 3
+4 * 3
+3 +2 3
+3 * 3
+4 * 3
+2 * 1
+7 +3 1
+3 * 1
+3 * 1
+4 * 1
+4 -3 1
+3 * 1
+3 * 1
+4 * 1
+2 +7 3
+3 -1 3
+3 +2 3
+2 +2 3
+3 * 3
+2 * 2
+3 * 2
+6 * 2
+4 * 2
+2 +5 1
+3 * 1

fl=(27)
fn=(100)
0x30f1e17110 82 7
+5 * 7
+2 * 7
+6 * 7
+2 +1 7

fn=(180) munmap
0x30f1e170e0 82 1
+5 * 1
+2 * 1
+6 * 1
+2 +1 1

fn=(98)
0x30f1e170b0 82 13
+3 * 13
+5 * 13
+2 * 13
+6 * 13
+2 +1 13

fl=(13)
fn=(32)
0x30f1e161d0 95 31
+3 +1 31
+5 * 31
cfn=(36)
calls=31 0x30f1e160d0 -43 
* * 831
* * 31

fn=(28)
0x30f1e16280 111 12
+3 -3 12
+3 +3 12
+5 * 12
+3 -3 12
+4 +3 12
+3 * 12
+2 +4 12
+3 * 12
cfn=(32)
calls=12 0x30f1e161d0 -20 
* * 404
* * 12

fn=(36)
0x30f1e160d0 53 32
+1 * 32
+3 * 32
+1 * 32
+4 +1 32
+7 * 32
+3 * 32
+6 * 31
+7 +11 31
+5 * 31
+3 * 31
+3 +3 31
+4 -3 31
+7 +3 31
+3 * 31
-25 -3 1
+5 * 1
+3 * 1
+3 +3 1
+4 -3 1
+7 +3 1
+3 * 1
+2 * 29
+3 * 29
+3 * 29
+3 * 29
+2 +4 3
+7 * 3
+5 * 3
+3 * 3
+3 +1 3
+3 * 3
+6 * 3
+3 +6 3
+3 * 3
+2 * 3
+6 * 3
+5 * 3
+5 * 3
+3 * 3
cfi=(27)
cfn=(98)
calls=3 0x30f1e170b0 +3 
* * 18
+5 +2 3
+4 * 3
+2 +3 3
+7 * 3
+7 +1 3
+4 * 3
+7 -1 3
+4 +1 3
+4 * 3
+3 +3 3
+7 +1 3
+7 +2 3
+4 * 3
+1 * 3
+1 * 3
-20 -3 29
+7 +1 29
+7 +2 29
+4 * 29
+1 * 29
+1 * 29
+1 -31 1
+7 * 1
+7 -1 1
+5 * 1
+3 * 1
+3 * 1
+7 * 1

fn=(64)
0x30f1e15f30 325 5
+3 +1 5
+3 * 5
+2 +4 3
+4 * 3
+3 * 3
+2 * 3
+4 * 3
+3 * 3
+8 * 3
+3 * 3
+3 * 3
+10 +5 3
+3 * 3
-19 -5 90
+3 * 90
+3 * 90
+10 +5 90
+3 * 90
-3 * 92
+3 * 92
+2 +2 184
+4 * 184
+3 * 184
+2 * 184
+2 +8 92
+4 -15 92
+4 * 92
+3 * 92
+2 * 2
+3 +18 2
+3 +4 2
* * 2
+5 -13 1
+2 * 1
+2 +2 1
+4 * 1
+4 +7 1
+3 +4 1

fl=(42) /usr/src/debug/glibc-2.12-2-gc4ccff1/elf/dl-init.c
fn=(184) _dl_init
0x30f1e0e540 93 1
+2 * 1
+2 * 1
+3 * 1
+2 * 1
+2 * 1
+3 * 1
+1 * 1
+3 * 1
+1 * 1
+2 * 1
+4 +5 1
+7 -4 1
+7 +1 1
+7 +3 1
+3 * 1
+6 +7 1
+3 * 1
+11 +27 1
+8 * 1
+3 +1 1
+3 * 1
-3 * 6
+3 * 6
+6 +1 6
+8 -1 6
+4 +1 6
+3 * 6
+4 -97 6
+8 * 6
+2 * 6
+2 +9 5
+4 -3 5
+3 * 5
+7 +3 5
+3 * 5
+2 * 5
+6 +5 4
+7 * 4
+3 * 4
+6 +5 3
+7 * 3
+6 +8 3
+3 * 3
+2 +6 3
+4 * 3
+4 * 3
+3 * 3
+3 * 3
+2 * 3
cob=(2)
cfi=(12)
cfn=(252) 0x00000030f3a0a670
calls=1 0x30f3a0a670 -70 
* * 29
cob=(2)
cfi=(12)
cfn=(232) 0x00000030f2603d90
calls=1 0x30f2603d90 -70 
* * 29
cob=(3)
cfi=(44)
cfn=(210)
calls=1 0x30f221eb20 -18 
* * 2145
+2 +4 3
+7 +1 3
+3 * 3
+89 +65 1
+4 * 1
+1 * 1
+1 * 1
+2 * 1
+2 * 1
+2 * 1
+2 * 1
+82 -89 1
+8 * 1
+87 -5 1
+2 * 1
+6 * 1
+1 * 1
+5 -9 1
+8 * 1
+2 * 1
+6 +9 1
+4 -3 1
+3 * 1
+7 +3 1
+3 * 1
+2 * 1
+6 +5 1
+7 * 1
+3 * 1
+6 +5 1
+7 * 1
+2 +8 1
+3 * 1
+2 +6 1
+4 * 1
+4 * 1
+3 * 1
+5 * 1
+3 * 1
+2 * 1
cob=(2)
cfi=(12)
cfn=(186) 0x00000000048014d0
calls=1 0x48014d0 -70 
* * 40
+2 * 1
+5 +4 1
+7 +1 1
+3 * 1
0x30f1e0e830 +26 1
+11 * 1

fl=(1) ???
fn=(0) 0x00000030f1e00b00
0x30f1e00b00 0 1
+3 0 1
cfi=(2)
cfn=(2)
calls=1 0x30f1e01130 365 
* 0 328759
+5 0 1
+3 0 1
+6 0 1
+1 0 1
+4 0 1
+2 0 1
+1 0 1
+3 0 1
+3 0 1
+4 0 1
+7 0 1
+5 0 1
+4 0 1
+2 0 1
cfi=(42)
cfn=(184)
calls=1 0x30f1e0e540 93 
* 0 2443
+5 0 1
+7 0 1
+3 0 1
cob=(7)
cfi=(54)
cfn=(274)
calls=1 0x400f00 0 
* 0 9367

fl=(23)
fn=(78)
0x30f1e17200 26 8
+3 +2 8
+3 +1 8
+7 * 8
+4 +1 8
+4 +4 8
+4 +1 8
+4 +1 8
+4 +1 8
+4 +1 8
+5 +2 8
+7 * 8
+4 +2 8
+4 +1 8
+4 +2 8
+7 * 8
+4 +2 8
+4 +4 8
+2 +1 8

fl=(28)
fn=(102)
0x30f1e17f60 44 15
+4 +1 15
+3 +1 15
+6 +4 15
+10 +1 15
+3 +1 15
+4 +1 15
+4 +2 15
+7 +1 15
+6 +2 13
+3 +5 13
+7 +1 13
+7 +1 13
+5 +1 13
+4 +1 13
0x30f1e18016 326 1
+4 +1 1
+4 +1 1
+4 +1 1
+4 +1 1
+4 +1 1
+4 +1 1
+4 +1 1
+4 +1 1
+4 +1 1
+4 +1 1
+4 +1 1
+4 +1 1
+4 +1 1
+4 +1 1
-44 -11 1
+4 +1 1
+4 +1 1
+4 +1 1
+4 +1 1
+4 +1 1
+4 +1 1
+4 +1 1
+4 +1 1
+4 +1 1
+4 +1 1
+4 +1 1
-32 -8 1
+4 +1 1
+4 +1 1
+4 +1 1
+4 +1 1
+4 +1 1
+4 +1 1
+4 +1 1
+4 +1 1
-12 -3 2
+4 +1 2
+4 +1 2
+4 +1 2
-8 -2 3
+4 +1 3
+4 +1 3
-4 -1 2
+4 +1 2
0x30f1e18126 +67 1
+4 +1 1
+4 +1 1
+4 +1 1
+4 +1 1
+4 +1 1
+4 +1 1
+4 +1 1
+4 +1 1
+4 +1 1
+3 +1 1
-7 -2 2
+4 +1 2
+3 +1 2
-3 -1 2
+3 +1 2
0x30f1e18270 +87 2
+7 +1 2
+3 +1 2
+4 +1 2
+3 +1 2
+4 +1 2
+3 +1 2
+3 +5 2
+7 +1 2
+7 +1 2
+5 +1 2
+4 +1 2
+20 +36 1
+4 +1 1
0x30f1e1832a +37 2
+6 1214 2
+7 +1 2
+6 * 2
+3 +4 2
+3 +1 2
+4 +1 2
+2 * 2
+7 +5 2
+3 +2 2
+3 +1 2
+4 +1 2
+4 +1 2
+4 +1 2
+4 +1 2
+4 +1 2
+4 +1 2
+4 +1 2
+4 +1 2
+4 +1 2
+4 +1 2
+4 +1 2
+4 +1 2
+4 +1 2
+4 +1 2
+4 +2 2
+7 +2 2
-73 -21 8
+3 +2 8
+3 +1 8
+4 +1 8
+4 +1 8
+4 +1 8
+4 +1 8
+4 +1 8
+4 +1 8
+4 +1 8
+4 +1 8
+4 +1 8
+4 +1 8
+4 +1 8
+4 +1 8
+4 +1 8
+4 +1 8
+4 +2 8
+7 +2 8
+2 +3 2
+4 +1 2
+4 +6 2
+7 +1 2
+7 +1 2
+5 +1 2
+4 +1 2

fl=(8)
fn=(14)
0x30f1e176d0 29 23
+3 +1 23
+3 +1 23
+3 +1 23
+2 +2 11
+2 +1 11
+3 +2 11
+3 +1 11
-3 -1 34
+3 +1 34
+6 +1 44
+3 +1 44
+2 +1 44
+2 +2 22
+10 * 22
+6 +5 22
+3 +1 22
+4 +1 22
+3 +1 22
+3 +3 22
-13 -6 6
+3 +1 6
+4 +1 6
+3 +1 6
+3 +3 6
+2 +1 24
+3 +1 24
+3 +1 24
+3 +2 24
+2 +3 22
+3 +1 22
+4 +1 22
+3 +1 22
+3 +3 22
+2 +1 21
+3 +1 21
+3 +1 21
+3 +2 21
+2 +3 14
+3 +1 14
+4 +1 14
+3 +1 14
+3 +3 14
+2 +1 10
+3 +1 10
+3 +1 10
+3 +2 10
+2 +3 9
+3 +1 9
+4 +1 9
+3 +1 9
+3 +3 9
+2 +1 7
+3 +1 7
+3 +1 7
+3 +2 7
+2 * 1
+8 +3 1
+4 +2 1
+2 +1 1
-6 -3 21
+4 +2 21
+2 +1 21
+2 +1 16
+3 +2 16
+2 +1 16
+2 +1 13
+3 +2 13
+6 +1 13
+2 +1 8
+3 +2 8
+6 +1 8
+2 +1 3
+3 +2 3
+4 +2 3
+2 +1 3
+2 +1 3
+3 +2 3
+2 +1 3
+2 +1 2
+3 +2 2
+6 +1 2
+5 +3 23
+3 +1 23

fl=(30)
fn=(116)
0x30f1e16e30 37 8
+3 -1 8
+3 +1 8
+2 +1 8
+3 * 8
+3 * 8
+5 * 8
+2 * 8
+6 * 8
+2 +4 2
+19 -4 6
+2 * 6
+6 * 6
+3 * 6

fl=(34)
fn=(128)
0x30f1e178b0 322 2
+2 +7 2
+4 -7 2
+2 * 2
+2 * 2
+2 * 2
+1 * 2
+1 +7 2
0x30f1e179f9 +34 2
+3 * 2
+2 +6 2
+3 * 2
+3 +1 2
+3 * 2
+2 -3 2
+4 * 2
+3 +2 14
+3 * 14
+3 * 14
+3 * 14
+4 +1 14
+3 * 14
+2 -3 14
+4 -4 14
+4 * 14
-4 * 2
+4 * 2
+2 * 2
+2 +13 2
+1 * 2
+1 * 2
+2 * 2
+2 * 2
+2 * 2
+2 * 2

fl=(69)
fn=(356) _dl_sort_fini
0x30f1e0e850 34 1
+1 * 1
+3 * 1
+2 * 1
+2 * 1
+2 * 1
+2 * 1
+1 * 1
+3 * 1
+4 +2 1
+4 -2 1
+4 * 1
+4 * 1
+4 +2 1
+6 +5 1
+3 +1 1
+3 -1 1
+3 * 1
+4 +1 1
+4 +1 1
+2 -1 1
+4 * 1
+4 * 1
+3 * 1
+5 * 1
+4 +1 1
+3 * 1
+4 * 1
cfi=(28)
cfn=(102)
calls=1 0x30f1e17f60 +1 
* * 19
+5 +15 1
+3 * 1
+4 * 1
+3 * 1
+3 +24 1
+4 * 1
+4 * 1
+4 * 1
+10 +38 1
+4 * 1
+3 * 1
+4 * 1
+6 +3 4
+4 * 4
+4 * 4
+2 * 4
+4 * 4
+4 * 4
+3 * 4
+4 * 4
cfi=(28)
cfn=(102)
calls=4 0x30f1e17f60 -79 
* * 70
+5 * 4
+4 * 4
+4 -80 4
+3 +4 4
+3 +1 4
+4 -1 4
+5 +1 4
+3 +4 4
+4 * 4
+3 * 4
-22 -5 1
+3 +1 1
+4 -1 1
+5 +1 1
+3 +4 1
+4 * 1
+3 * 1
+2 * 5
+9 * 5
+2 +6 5
+3 +1 5
+3 * 5
+2 * 4
+3 +2 4
+3 * 4
+4 * 4
+3 * 4
+7 +1 4
+3 * 4
-20 -1 6
+3 * 6
+4 * 6
+3 * 6
+7 +1 6
+3 * 6
+2 * 4
+2 +3 13
+3 * 13
+2 * 13
+4 -1 13
+3 * 13
+3 * 13
-6 * 6
+3 * 6
+3 * 6
+2 +31 10
+7 * 10
+3 * 10
+6 +21 10
+3 -57 10
+3 * 10
+2 +61 4
+4 * 4
+3 * 4
+4 * 4
+6 +3 1
+4 +4 1
+4 * 1
+1 * 1
+2 * 1
+2 * 1
+2 * 1
+2 * 1
+1 * 1

fn=(354)
0x30f1e0eaa0 133 1
+1 * 1
+3 * 1
+2 * 1
+2 * 1
+2 * 1
+2 * 1
+3 * 1
+1 * 1
+2 * 1
+4 * 1
+8 +22 1
+7 * 1
+4 * 1
+4 * 1
+6 * 1
+4 * 1
+7 * 1
+4 * 1
+5 * 1
+40 +3 1
+7 * 1
cfi=(2)
cfn=(42)
calls=1 0x30f1e00b60 836 
* * 2
+6 +3 1
+4 +3 1
+2 * 1
+2 +2 1
+4 * 1
+7 * 1
+3 * 1
+3 * 1
+3 -2 1
+3 * 1
+2 +13 1
+2 * 1
+4 * 1
+3 * 1
+4 * 1
+10 +16 1
+2 * 1
+2 * 1
+3 * 1
+14 +2 6
+4 * 6
+2 +4 6
+4 * 6
+2 +1 6
+6 +5 6
+7 -4 6
+3 -2 6
+4 -6 6
+4 * 6
+3 * 6
+2 * 1
+2 +19 1
+4 * 1
+4 * 1
+2 * 1
cfn=(356)
calls=1 0x30f1e0e850 34 
* * 482
+5 +9 1
+7 * 1
cfi=(2)
cfn=(44)
calls=1 0x30f1e00b70 842 
* * 2
+6 +4 1
+2 * 1
+6 * 1
+4 * 1
+3 * 1
+4 * 1
+5 +2 1
+4 * 1
+3 +2 1
+8 * 1
+2 * 1
-17 -2 5
+4 * 5
+3 +2 5
+8 * 5
+2 * 5
+6 +3 6
+3 * 6
+7 +3 6
+7 * 6
+3 * 6
+6 +4 1
+7 * 1
+6 +7 5
+3 * 5
+2 +4 1
+4 * 1
+3 * 1
+3 * 1
+4 +2 1
+7 * 1
+4 * 1
+4 +1 1
+2 * 1
+2 * 1
+3 * 1
+1 +1 1
+4 * 1
+2 * 1
+3 * 1
cob=(3)
cfi=(49)
cfn=(444)
calls=1 0x30f221ead0 19 
* * 6
+3 -1 1
+3 * 1
+3 * 1
+3 * 1
+2 +5 5
+7 * 5
+3 * 5
+2 +1 4
+4 * 4
+3 * 4
cob=(2)
cfi=(12)
cfn=(424) 0x00000030f2643fb8
calls=1 0x30f2643fb8 0 
* * 1616
cob=(2)
cfi=(12)
cfn=(404) 0x00000030f3a21c28
calls=1 0x30f3a21c28 0 
* * 1616
cob=(2)
cfi=(12)
cfn=(374) 0x00000000048017d8
calls=1 0x48017d8 0 
* * 1280
cob=(2)
cfi=(12)
cfn=(358) 0x0000000000405b18
calls=1 0x405b18 0 
* * 31
+2 +5 6
+3 * 6
+2 * 6
+6 * 6
+2 * 6
+6 -39 6
+4 +55 6
+8 -55 6
+5 * 6
+3 * 6
+6 -70 1
+7 * 1
+5 +70 1
+4 -70 1
+6 285 1
+3 * 1
+2 * 1
+6 * 1
+3 * 1
+2 * 1
+6 +6 1
+7 * 1
+6 +7 1
+4 * 1
+1 * 1
+2 * 1
+2 * 1
+2 * 1
+2 * 1
+1 * 1
+8 -63 5
+8 * 5
+6 +4 4
+7 * 4
+59 -60 1
+3 * 1
+2 +3 1
+4 * 1
+4 * 1
+4 * 1
+3 * 1
+5 * 1
+4 * 1
+4 * 1

fl=(31)
fn=(178)
0x30f1e08bf0 316 1
+4 +1 1
+7 * 1
+4 * 1
+4 * 1
+2 +2 1
+7 * 1
cfi=(27)
cfn=(180)
calls=1 0x30f1e170e0 82 
* * 5
+5 +1 1
+11 +2 1
+4 * 1

fn=(122) _dl_cache_libcmp
0x30f1e08b10 170 35
+3 * 35
+3 * 35
+10 -29 35
+2 * 35
+6 +2 35
+3 * 35
+3 * 35
0x30f1e08bba +20 35
+3 * 35
+3 * 35
+2 +2 35
+2 * 35
+2 +4 35
+4 +1 35
+4 * 35
cfn=(123) _dl_cache_libcmp'2
calls=35 0x30f1e08b10 * 
* * 2799

fn=(123)
0x30f1e08b10 170 167
+3 * 167
+3 * 167
+10 -29 167
+2 * 167
-2 * 5
+2 * 5
+6 +2 167
+3 * 167
+3 * 167
+6 +2 5
+3 * 5
+3 * 5
+6 +6 5
+3 * 5
+4 +1 5
+3 -1 5
+4 +2 5
+3 -1 5
+3 * 5
+4 +1 5
+3 * 5
+3 * 5
+2 +1 1
+4 * 1
+3 * 1
+4 * 1
+5 -1 1
+3 * 1
+3 * 1
+3 * 1
+2 +2 1
+3 * 1
+4 * 1
+4 * 1
+2 * 1
+8 +1 1
+3 * 1
+3 * 1
+4 * 1
+4 -1 1
+3 * 1
+4 * 1
+4 * 1
-11 * 4
+3 * 4
+4 * 4
+4 * 4
+2 +2 5
+3 * 5
+12 +6 162
+3 * 162
+3 * 162
+2 +2 162
+2 * 162
+2 +4 132
+4 +1 132
+4 * 132
cfn=(123)
calls=132 0x30f1e08b10 * 
* * 7816
+5 +3 5
+3 * 5
+2 +1 5
+7 -8 30
+3 * 30
+3 * 30
+2 * 30

fn=(118)
0x30f1e08c30 186 3
+1 * 3
+3 * 3
+2 * 3
+2 * 3
+2 * 3
+2 * 3
+1 * 3
+3 * 3
+4 +8 3
+7 * 3
+6 +3 3
+7 * 3
+3 * 3
+6 +45 3
+4 * 3
+27 +6 3
+7 * 3
+4 * 3
+6 +16 3
+7 * 3
+7 * 3
+10 +12 3
+4 -20 3
+7 +8 3
+3 +12 3
+4 -12 3
+3 +12 3
+2 * 3
+3 -20 3
+4 +20 3
+7 * 3
+3 * 3
+3 -20 3
+3 +20 3
+4 * 3
+5 * 3
+3 * 3
+13 * 14
+4 * 14
+4 * 14
-4 * 13
+4 * 13
+6 * 27
+3 * 27
+4 * 27
+3 * 27
+4 * 27
+3 * 27
+3 * 27
+3 * 27
+4 * 27
+4 * 27
+7 * 27
+3 * 27
+3 * 27
+6 * 30
+2 * 30
+3 * 30
+4 * 30
+5 * 30
cfn=(122)
calls=30 0x30f1e08b10 170 
* * 2764
+5 * 30
+3 * 30
+4 * 30
+6 * 27
+2 * 13
+4 * 13
+4 * 13
+6 -76 1
+7 * 1
+7 * 1
+5 * 1
cfi=(24)
cfn=(120)
calls=1 0x30f1e0f740 44 
* * 68
+5 +8 1
+4 * 1
+6 +1 1
+7 -1 1
+4 * 1
+6 +1 1
+7 * 1
+5 * 1
+3 -1 1
* * 11
+2 * 1
+6 +8 1
+3 -3 1
+7 +3 1
+4 * 1
+8 * 1
+4 +3 1
+4 +1 1
+4 * 1
+3 -1 1
+7 +1 1
+2 +2 1
+7 * 1
+5 -2 1
* * 20
+2 * 1
0x30f1e08efe +56 3
+3 * 3
+4 * 3
+2 * 3
+3 * 3
+7 * 3
+3 * 3
+3 * 3
+4 * 3
+4 * 3
+3 * 3
+14 * 2
+2 * 2
+6 * 2
+3 * 2
+7 * 2
+3 * 2
+4 * 2
+4 * 2
+3 * 2
+2 * 2
+3 * 2
+2 * 2
+2 * 2
+3 * 2
+3 * 2
+5 * 2
+4 * 2
cfn=(122)
calls=2 0x30f1e08b10 170 
* * 162
-17 * 3
+2 * 3
+3 * 3
+3 * 3
+5 * 3
+4 * 3
cfn=(122)
calls=3 0x30f1e08b10 170 
* * 433
+5 * 5
+2 * 5
+3 * 5
+4 * 5
+2 * 3
+7 * 3
+3 * 3
+3 * 3
+8 * 3
+25 * 3
+3 * 3
+60 * 3
+4 * 3
+4 * 3
+7 * 3
+4 * 3
+2 * 3
+3 * 3
+3 * 3
+2 * 3
+5 * 3
+18 * 3
+4 * 3
+3 * 3
+4 * 3
+6 * 3
+6 * 3
+2 * 3
+2 * 3
+3 * 3
+6 * 3
+10 * 3
+2 * 3
+5 * 3
+4 * 3
+6 +16 3
+5 * 3
+6 * 3
+7 * 3
+20 +4 3
+5 * 3
+6 +8 3
+4 * 3
cfi=(8)
cfn=(14)
calls=3 0x30f1e176d0 29 
* * 209
+5 * 3
+4 +1 3
+4 -1 3
+4 * 3
+3 * 3
+5 * 3
+4 +1 3
+3 * 3
cfi=(32)
cfn=(124)
calls=3 0x30f1e17590 32 
* * 277
+5 +1 3
+3 * 3
cfi=(33) /usr/src/debug/glibc-2.12-2-gc4ccff1/string/strdup.c
cfn=(126) strdup
calls=3 0x30f1e17670 41 
* * 348
+5 +1 3
+4 * 3
+1 * 3
+2 * 3
+2 * 3
+2 * 3
+2 * 3
+1 * 3

fl=(19)
fn=(60)
0x30f1e174e0 26 13
+4 +1 13
+3 +1 13
+4 +1 13
+4 +1 13
+4 +1 13
+4 +1 13
+3 +1 13
+4 +1 13
+5 +1 13
+3 +1 13
+4 +1 13
+4 +1 13
+4 +1 13
+4 +1 13
+2 +1 13
+4 +1 13
+4 +1 13
+2 +1 13
+2 +1 13
+2 +1 13
+2 +2 14
+4 +1 14
+4 +1 14
+4 +1 14
+4 +1 14
+4 +1 14
+4 +1 14
+4 +1 14
+2 +1 14
+2 +2 13
+3 +1 13
+2 +1 1
+3 +1 1
+5 +1 1
+2 +1 1
+2 +1 12
+2 +1 12
* * 1

fl=(33)
fn=(126)
0x30f1e17670 41 3
+5 * 3
+5 * 3
+4 * 3
+3 +1 3
cfi=(8)
cfn=(14)
calls=3 +79 -13 
* * 117
+5 * 3
+4 +1 3
+3 * 3
cfi=(13)
cfn=(32)
calls=3 0x30f1e161d0 +52 
* * 87
* * 3
+5 +2 3
+3 * 3
+2 +3 3
+3 * 3
+3 +1 3
+5 * 3
+5 -1 3
+3 +1 3
+4 -1 3
cfi=(14)
cfn=(38)
calls=3 0x30f1e186e0 +8 
* * 90

fl=(11)
fn=(24)
0x30f1e0ad80 62 5
+2 * 5
+3 * 5
+2 * 5
+2 * 5
+2 * 5
+1 * 5
+3 * 5
+1 * 5
+3 +2 5
+3 -2 5
+4 * 5
+4 * 5
+5 * 5
+5 +2 5
cfi=(8)
cfn=(14)
calls=5 0x30f1e176d0 -35 
* * 263
+5 +6 5
+7 -6 5
+4 +7 5
+3 * 5
+13 +6 5
+8 * 5
+5 * 5
+5 * 5
cfi=(13)
cfn=(28)
calls=5 0x30f1e16280 +34 
* * 251
* * 5
+5 +3 5
+3 -3 5
+3 +3 5
+5 * 5
+6 +4 5
+8 +5 5
+5 -6 5
+5 +4 5
+4 +2 5
+4 -5 5
+7 +3 5
+4 +2 5
+5 * 5
cfi=(14)
cfn=(38)
calls=5 0x30f1e186e0 -33 
* * 147
+5 +2 5
+5 -2 5
+4 +5 5
+5 -1 5
+5 -2 5
+7 +3 5
+9 * 5
+3 * 5
+3 * 5
+2 +3 5
+7 -3 5
+8 +3 5
+6 +9 5
+3 -7 5
+8 +4 5
+5 +3 5
+2 -46 1
+4 * 1
+2 * 1
+4 * 1
+4 * 1
+1 +48 1
+8 * 1
+4 -2 1
+3 * 1
-15 +2 15
+8 * 15
+4 -2 15
+3 * 15
+2 +18 5
+4 * 5
+7 -6 5
+8 +6 5
+2 -5 5
+12 +5 5
+4 -6 5
+8 +6 5
+4 * 5
+2 * 5
+3 * 5
+2 +2 4
+6 * 4
+5 * 4
+2 * 4
+8 +3 4
+3 * 4
-3 * 1
+3 * 1
+2 * 1
+16 +4 4
+7 * 4
+3 * 4
+2 +4 4
+2 * 4
+6 * 4
+8 * 4
+7 * 4
+3 * 4
+36 +8 1
+4 +6 1
+3 -3 1
+8 * 1
+8 +3 1
+3 * 1
-22 * 4
+3 -3 4
+8 * 4
+8 +3 4
+3 * 4
+6 +2 4
+3 * 4
cfi=(8)
cfn=(14)
calls=4 0x30f1e176d0 29 
* * 211
+5 * 4
+4 +4 4
+4 -4 4
+5 +4 4
0x30f1e0afd8 +64 4
+8 +7 4
+4 * 4
+3 * 4
+1 * 4
+1 * 4
+2 * 4
+2 * 4
+2 * 4
+2 * 4
-17 * 1
+4 * 1
+3 * 1
+1 * 1
+1 * 1
+2 * 1
+2 * 1
+2 * 1
+2 * 1
+7 70 5
+4 * 5
+5 +1 5
+3 * 5
+3 * 5
+3 * 5
+7 * 5
+2 * 5
+5 * 5
+4 * 5
+12 +66 1
+8 * 1
+2 * 1
+7 * 1
+7 -39 5
+12 * 5
+12 223 1
+4 * 1
+2 * 1
+2 * 1
+6 * 1
+2 * 1
+23 -86 1
+2 -4 1
+3 +4 1
+6 * 1
+2 +24 4
+3 * 4
cfi=(13)
cfn=(32)
calls=4 0x30f1e161d0 -66 
* * 116
* * 4
+5 +1 4
+3 -1 4
+3 +1 4
+3 * 4
+6 * 4
+5 +45 4
+5 * 4
+3 * 4
cfi=(14)
cfn=(58)
calls=4 0x30f1e184b0 56 
* * 147
+5 * 4
+11 +6 66
+3 * 66
+4 -1 66
+4 +1 66
-8 * 4
+4 -1 4
+4 +1 4
+2 +2 4
+3 * 4
+4 +3 4
+3 * 4

fn=(40)
0x30f1e0ace0 33 5
+1 * 5
+3 * 5
+1 * 5
+3 +2 5
+7 -2 5
+4 +2 5
cfi=(2)
cfn=(42)
calls=5 0x30f1e00b60 836 
* * 10
+6 +2 5
+5 * 5
+7 * 5
+4 * 5
+4 * 5
+3 * 5
+2 * 4
+6 +3 4
+3 * 4
+4 * 4
+3 * 4
-10 * 10
+3 * 10
+4 * 10
+3 * 10
+2 +2 4
+4 +2 4
+4 +4 4
+5 +4 4
+7 -4 4
+4 * 4
+5 +1 4
+7 * 4
+7 +3 4
+7 -2 4
+8 +3 4
+4 * 4
+1 * 4
+1 -1 4
cfi=(2)
cfn=(44)
calls=4 0x30f1e00b70 842 
* * 8
-56 -4 1
+5 +4 1
+7 -4 1
+4 * 1
+5 +1 1
+7 * 1
+7 +3 1
+7 -2 1
+8 +3 1
+4 * 1
+1 * 1
+1 -1 1
cfi=(2)
cfn=(44)
calls=1 0x30f1e00b70 842 
* * 2
+12 -5 1
+4 * 1

ob=(4) /usr/sup/valgrind-3.9.0/lib/valgrind/vgpreload_core-amd64-linux.so
fl=(43) ???
fn=(396) 0x0000000000000540
0x540 0 1
+7 0 1
+7 0 1
+1 0 1
+3 0 1
+3 0 1
+4 0 1
+2 0 1
+1 0 1

fn=(204) 0x00000000000007a0
0x7a0 0 1
+1 0 1
+3 0 1
+1 0 1
+7 0 1
+4 0 1
+7 0 1
+4 0 1
+20 0 1
+4 0 1
+1 0 1
+1 0 1

fn=(194) 0x0000000000000630
0x570 0 1
+7 0 1
+7 0 1
+1 0 1
+3 0 1
+3 0 1
+4 0 1
+3 0 1
+4 0 1
+3 0 1
+3 0 1
+2 0 1
+1 0 1
0x630 0 1
+8 0 1
+40 0 1

fn=(376) 0x00000000000005b0
0x5b0 0 1
+7 0 1
+2 0 1
+1 0 1
+8 0 1
+3 0 1
+2 0 1
+1 0 1
+2 0 1
+7 0 1
cob=(3)
cfi=(70)
cfn=(388)
calls=1 0x30f2235e20 31 
* 0 55
cob=(1)
cfi=(55)
cfn=(282)
calls=1 0x30f1e14830 30 
* 0 1183
* 0 5
+5 0 1
+7 0 1
+7 0 1
+7 0 1
+3 0 1
+4 0 1
+4 0 1
+3 0 1
+34 0 1
cfn=(396)
calls=1 0x540 0 
* 0 9
+5 0 1
+1 0 1
+2 0 1
+1 0 1
+7 0 1

fn=(188) 0x0000000000000520
0x520 0 1
+4 0 1
+7 0 1
+3 0 1
+4 0 1
+4 0 1

ob=(5) /lib64/libm-2.12.so
fl=(52) ???
fn=(240) 0x00000030f2603f10
0x30f2603f10 0 1
+8 0 1
+1 0 1
+3 0 1
+28 0 1
+1 0 1

fn=(234) 0x00000030f2603e70
0x30f2603e70 0 1
+4 0 1
+7 0 1
+3 0 1
+4 0 1
+4 0 1

fn=(246) 0x00000030f2643f80
0x30f2643f80 0 1
+1 0 1
+3 0 1
+1 0 1
+4 0 1
+7 0 1
+4 0 1
+27 0 1
+4 0 1
+1 0 1
+1 0 1

fn=(426) 0x00000030f2603e90
0x30f2603e90 0 1
+1 0 1
+7 0 1
+3 0 1
+2 0 1
+1 0 1
+2 0 1
+8 0 1
+2 0 1
+7 0 1
cob=(3)
cfi=(70)
cfn=(388)
calls=1 0x30f2235e20 31 
* 0 55
cob=(1)
cfi=(55)
cfn=(282)
calls=1 0x30f1e14830 30 
* 0 1529
* 0 5
+5 0 1
+7 0 1
+7 0 1
+7 0 1
+3 0 1
+4 0 1
+4 0 1
+3 0 1
+34 0 1
+7 0 1
+1 0 1
+2 0 1
+1 0 1

ob=(2)
fl=(12)
fn=(296)
0x400d30 0 1
+4 0 1
cob=(7)
cfi=(54)
cfn=(298)
calls=1 0x400f2c 0 
* 0 6
+5 0 1
cob=(7)
cfi=(54)
cfn=(304)
calls=1 0x401030 0 
* 0 15
+5 0 1
cob=(7)
cfi=(54)
cfn=(314)
calls=1 0x405ae0 0 
* 0 12
+5 0 1
+4 0 1

fn=(232)
0x30f2603d90 0 1
+4 0 1
cob=(5)
cfi=(52)
cfn=(234)
calls=1 0x30f2603e70 0 
* 0 6
+5 0 1
cob=(5)
cfi=(52)
cfn=(240)
calls=1 0x30f2603f10 0 
* 0 6
+5 0 1
cob=(5)
cfi=(52)
cfn=(246)
calls=1 0x30f2643f80 0 
* 0 11
+5 0 1
+4 0 1

fn=(374)
0x48017d8 0 1
+4 0 1
cob=(4)
cfi=(43)
cfn=(376)
calls=1 0x5b0 0 
* 0 1276
+5 0 1
+4 0 1

fn=(186)
0x48014d0 0 1
+4 0 1
cob=(4)
cfi=(43)
cfn=(188)
calls=1 0x520 0 
* 0 6
+5 0 1
cob=(4)
cfi=(43)
cfn=(194)
calls=1 0x630 0 
* 0 16
+5 0 1
cob=(4)
cfi=(43)
cfn=(204)
calls=1 0x7a0 0 
* 0 12
+5 0 1
+4 0 1

fn=(358)
0x405b18 0 1
+4 0 1
cob=(7)
cfi=(54)
cfn=(360)
calls=1 0x400fc0 0 
* 0 27
+5 0 1
+4 0 1

fn=(404)
0x30f3a21c28 0 1
+4 0 1
cob=(6)
cfi=(53)
cfn=(406)
calls=1 0x30f3a0b450 0 
* 0 1612
+5 0 1
+4 0 1

fn=(252)
0x30f3a0a670 0 1
+4 0 1
cob=(6)
cfi=(53)
cfn=(254)
calls=1 0x30f3a0b430 0 
* 0 6
+5 0 1
cob=(6)
cfi=(53)
cfn=(260)
calls=1 0x30f3a0b4d0 0 
* 0 6
+5 0 1
cob=(6)
cfi=(53)
cfn=(266)
calls=1 0x30f3a21bf0 0 
* 0 11
+5 0 1
+4 0 1

fn=(424)
0x30f2643fb8 0 1
+4 0 1
cob=(5)
cfi=(52)
cfn=(426)
calls=1 0x30f2603e90 0 
* 0 1612
+5 0 1
+4 0 1

totals: 340588
