version: 1
creator: callgrind-3.9.0
pid: 26286
cmd:  ./um midmark.um
part: 1


desc: I1 cache: 
desc: D1 cache: 
desc: LL cache: 

desc: Timerange: Basic block 0 - 17450755518
desc: Trigger: Program termination

positions: line
events: Ir
summary: 101046726745


ob=(5) /lib64/libm-2.12.so
fl=(52) ???
fn=(240) 0x00000030f2603f10
0 6

fn=(234) 0x00000030f2603e70
0 6

fn=(246) 0x00000030f2643f80
0 11

fn=(610) 0x00000030f2603e90
0 10
cob=(3) /lib64/libc-2.12.so
cfi=(99) /usr/src/debug/glibc-2.12-2-gc4ccff1/stdlib/cxa_finalize.c
cfn=(572) __cxa_finalize
calls=1 31 
0 62
cob=(1) /lib64/ld-2.12.so
cfi=(55) /usr/src/debug////////glibc-2.12-2-gc4ccff1/elf/../sysdeps/x86_64/dl-trampoline.S
cfn=(282) _dl_runtime_resolve
calls=1 30 
0 1529
0 5
0 13

ob=(1)
fl=(24) /usr/src/debug/glibc-2.12-2-gc4ccff1/elf/dl-misc.c
fn=(84) _dl_name_match_p
301 740
+1 296
cfi=(15) /usr/src/debug////////glibc-2.12-2-gc4ccff1/string/../sysdeps/x86_64/strcmp.S
cfn=(46) strcmp
calls=148 135 
* 1043
* 296
+3 148
+2 296
+4 148
-4 296
+1 471
cfi=(15)
cfn=(46)
calls=157 135 
* 3042
* 314
+6 9
-7 9
+7 166
-7 139
+7 417

fn=(120) _dl_sysdep_read_whole_file
44 2
+3 1
-3 4
+3 1
-3 1
+3 1
cfi=(25) /usr/src/debug////////glibc-2.12-2-gc4ccff1/io/../sysdeps/unix/syscall-template.S
cfn=(90) open
calls=1 +35 
* 5
+1 1
-1 1
+1 2
+2 4
cfi=(26) /usr/src/debug/glibc-2.12-2-gc4ccff1/io/../sysdeps/unix/sysv/linux/wordsize-64/fxstat.c
cfn=(96) _fxstat
calls=1 -13 
* 10
* 2
+2 1
+3 1
-3 1
+3 1
+13 2
cfi=(25)
cfn=(106) close
calls=1 +14 
* 5
+3 7
-14 7
cfi=(27) /usr/src/debug////////glibc-2.12-2-gc4ccff1/misc/../sysdeps/unix/syscall-template.S
cfn=(98) mmap
calls=1 +25 
* 6
* 2

fl=(56) /usr/src/debug/glibc-2.12-2-gc4ccff1/elf/../elf/dl-runtime.c
fn=(284) _dl_fixup
73 13
+6 26
-6 13
+6 13
-6 39
+6 13
+1 13
-4 13
+5 13
-2 13
-3 13
+4 13
+1 13
-1 52
+10 26
+4 39
+5 72
+1 36
+8 52
+7 26
+3 130
cfi=(4) /usr/src/debug/glibc-2.12-2-gc4ccff1/elf/dl-lookup.c
cfn=(156) _dl_lookup_symbol_x
calls=13 724 
* 17505
* 13
+4 39
+4 52
+6 91
+8 13
+7 52
+4 39
fi=(7) /usr/src/debug/glibc-2.12-2-gc4ccff1/elf/../sysdeps/x86_64/dl-machine.h
+85 13
fe=(56)
-81 78
-55 2
+48 1
cob=(3)
cfi=(82) /usr/src/debug////////glibc-2.12-2-gc4ccff1/string/../sysdeps/x86_64/multiarch/memset.S
cfn=(394) memset
calls=1 27 
* 7
* 2

fl=(22) /usr/src/debug/glibc-2.12-2-gc4ccff1/elf/dl-error.c
fn=(132) _dl_receive_error
198 10
+1 1
cfi=(2) /usr/src/debug/glibc-2.12-2-gc4ccff1/elf/rtld.c
cfn=(76) _dl_initial_error_catch_tsd
calls=1 796 
* 2
+5 1
-1 1
-4 1
+9 1
+2 1
-3 1
+3 1
cfi=(2)
cfn=(134) version_check_doit
calls=1 660 
* 6667
+2 1
+1 1
+1 8

fn=(74) _dl_catch_error
160 56
+9 8
+2 8
cfi=(2)
cfn=(76)
calls=8 796 
* 16
* 8
+1 8
+2 16
-2 8
+2 8
cfi=(23) /usr/src/debug////////glibc-2.12-2-gc4ccff1/setjmp/../sysdeps/x86_64/setjmp.S
cfn=(78) __sigsetjmp
calls=8 26 
* 152
+1 8
-1 8
+1 8
+2 16
+1 8
-1 8
+1 8
cfi=(29) /usr/src/debug/glibc-2.12-2-gc4ccff1/elf/dl-deps.c
cfn=(112) openaux
calls=7 62 
* 17005
cfi=(2)
cfn=(80) map_doit
calls=1 628 
* 2187
+1 24
+1 8
+1 8
-1 8
+2 8
-1 8
+1 8
+10 32

fl=(35) /usr/src/debug/glibc-2.12-2-gc4ccff1/elf/dl-version.c
fn=(138) _dl_check_map_versions
180 54
+15 6
-15 12
+15 12
+2 6
+3 6
-3 6
+2 6
+1 6
+2 6
-3 6
+3 6
+3 12
+4 4
-4 4
+4 8
+10 16
+7 4
62 4
226 8
62 24
226 1
62 1
226 2
62 16
+1 20
-1 40
+2 75
cfi=(24)
cfn=(84)
calls=25 301 
* 1545
* 50
234 15
+5 20
+20 20
-16 144
cfn=(140) match_symbol
calls=3 82 
* 485
* 72
cfn=(140)
calls=12 82 
* 2183
* 75
+11 45
+9 20
+5 3
+1 1
69 4
277 12
+3 12
+10 44
-10 88
+6 66
-6 12
+6 9
+8 12
+87 54
-81 5
-1 15
cfi=(13) /usr/src/debug/glibc-2.12-2-gc4ccff1/elf/dl-minimal.c
cfn=(28) calloc
calls=5 111 
* 195
* 5
+2 5
-2 5
+2 5
+11 5
+2 5
-5 5
+3 10
+2 5
+3 20
+4 15
+18 30
-15 20
+2 30
-2 10
+2 15
+2 90
+1 45
+1 45
+1 45
+3 45
+8 15
+5 3
+1 1
+4 10
+3 15
+20 44
-14 22
-2 22
+2 25
-2 3
+2 3
+5 44
+1 22
-1 110
+1 22
+1 22
-1 44
+4 78
269 6

fn=(136) _dl_check_all_versions
387 5
+4 1
-4 1
+4 1
-4 1
+4 3
+1 18
-1 6
+1 6
-1 12
+5 7
-3 24
cfn=(138)
calls=6 180 
* 6548
-1 24

fn=(140)
82 150
+9 15
-8 15
-1 45
+1 15
+8 15
+6 45
+18 30
+5 30
+14 210
+12 270
+4 180
-30 180
+19 90
cfi=(15)
cfn=(46)
calls=15 -4 
* 1213
* 45
+34 15
+1 105

fl=(37) /usr/src/debug/glibc-2.12-2-gc4ccff1/elf/dl-reloc.c
fn=(150) _dl_relocate_object
158 36
+10 12
-10 18
+14 6
-14 12
+14 6
+1 30
+6 12
+6 18
+4 12
+8 18
+45 6
fi=(7)
96 12
fe=(37)
242 12
fi=(7)
96 6
+39 6
fe=(37)
268 156
fi=(38) /usr/src/debug/glibc-2.12-2-gc4ccff1/elf/do-rel.h
57 4
+1 4
+1 4
fe=(37)
268 4
156 4
fi=(38)
-91 4
fe=(37)
+91 4
fi=(7)
295 4
fe=(37)
-27 4
fi=(7)
+27 4
fi=(38)
65 4
fe=(37)
268 2
fi=(38)
57 2
+1 2
+1 2
fe=(37)
268 2
156 2
fi=(38)
-91 2
fe=(37)
+91 2
fi=(7)
295 2
fe=(37)
-27 2
fi=(7)
+27 2
fi=(38)
65 2
+3 16
fi=(7)
476 4
-1 8
+4 8
-3 252
-1 504
+4 504
+2 768
+1 28
fi=(38)
68 768
fe=(37)
268 42
fi=(38)
59 6
fe=(37)
268 36
fi=(38)
65 6
fe=(37)
268 6
fi=(38)
57 6
+1 6
+7 6
+10 6
+2 6
-2 12
+1 6
+1 52
+14 5
-12 5
+12 11
-12 1
+12 2
+10 18
+10 15
+4 5
+2 5
-2 5
+2 5
fi=(7)
296 15
fi=(38)
119 10
+1 5
+2 10
-2 5
-1 5
fi=(7)
267 5
fi=(38)
119 5
fi=(7)
270 5
fi=(38)
119 5
+1 15
fi=(7)
270 5
fi=(38)
119 440
+1 220
+2 440
-2 220
-1 220
fi=(7)
267 220
fi=(38)
119 220
fi=(7)
270 220
fi=(38)
119 220
+1 660
fi=(7)
270 220
+18 450
+7 5187
fi=(38)
120 392
fi=(7)
295 588
fi=(38)
120 196
fi=(7)
295 823
fi=(38)
120 26
fi=(7)
295 39
fi=(38)
120 13
fi=(7)
295 2560
cfi=(4)
cfn=(156)
calls=209 724 
* 261886
* 836
+1 675
+4 219
-4 438
+4 219
-1 438
+10 450
fe=(37)
-38 18
+28 6
+3 12
+13 12
+1 6
cfn=(170) _dl_protect_relro
calls=3 +8 
* 72
* 3
+1 48
fi=(7)
135 8
-39 8
+6 8
+4 12
+13 4
-8 4
+8 8
+13 4
+3 4
-3 4
+3 12
fe=(37)
+50 18
+83 18
fi=(38)
117 10
fi=(7)
309 900
+85 209
fi=(38)
117 418
fi=(7)
394 209
fi=(38)
117 213
fi=(7)
377 30
+4 30
+5 20
fi=(38)
117 10
fi=(7)
386 20
fi=(38)
117 20
fi=(7)
327 2
+1 1
fi=(38)
117 1
fi=(7)
328 1
fi=(38)
117 2
fi=(7)
448 4
fi=(38)
117 2
fi=(7)
448 2
cob=(3)
cfi=(40) /usr/src/debug////////glibc-2.12-2-gc4ccff1/string/../sysdeps/x86_64/multiarch/strcmp.S
cfn=(168) strncasecmp
calls=1 124 
* 6
cob=(3)
cfi=(40)
cfn=(164) strcasecmp
calls=1 106 
* 64
+1 2
fi=(38)
117 4
fi=(7)
430 9
+4 15
cfi=(14) /usr/src/debug////////glibc-2.12-2-gc4ccff1/string/../sysdeps/x86_64/memcpy.S
cfn=(38) memcpy
calls=3 56 
* 54
+2 15
295 26
fi=(38)
104 5
fi=(7)
467 3
fi=(38)
104 2
fi=(7)
467 1
fi=(38)
104 1
+7 3
+16 5
+1 2
+1 2
-1 1
fi=(7)
267 1
fi=(38)
128 1
fi=(7)
270 1
fi=(38)
128 3
fi=(7)
270 1
fi=(38)
128 8
+1 8
-1 4
fi=(7)
267 4
fi=(38)
128 4
fi=(7)
270 4
fi=(38)
128 12
fi=(7)
270 4
+18 10
+7 195
cfi=(4)
cfn=(156)
calls=5 724 
* 5940
* 20
+1 15
+4 1
-4 2
+4 1
-1 2
+10 30
108 4
+1 6
394 15
fi=(38)
127 16
fi=(7)
484 1140
295 115
fe=(37)

fn=(170)
324 3
-2 6
+1 6
+1 9
+2 6
+2 6
+1 9
cfi=(27)
cfn=(100) mprotect
calls=3 82 
* 15
-1 6
+7 6

fl=(11) /usr/src/debug/glibc-2.12-2-gc4ccff1/elf/dl-object.c
fn=(40) _dl_add_to_namespace_list
33 20
+2 5
-2 5
+2 5
cfi=(2)
cfn=(42) rtld_lock_default_lock_recursive
calls=5 836 
* 10
+2 34
+3 56
+2 4
+2 4
+4 4
+4 4
-4 8
+1 8
+3 4
-2 4
+3 12
-1 4
cfi=(2)
cfn=(44) rtld_lock_default_unlock_recursive
calls=4 842 
* 8
-4 1
+4 1
-4 2
+1 2
+3 1
-2 1
+3 3
-1 1
cfi=(2)
cfn=(44)
calls=1 842 
* 2
-5 2

fn=(24) _dl_new_object
62 45
+2 5
-2 20
+2 5
cfi=(8) /usr/src/debug////////glibc-2.12-2-gc4ccff1/string/../sysdeps/x86_64/rtld-strlen.S
cfn=(14) strlen
calls=5 -35 
* 263
+6 5
-6 5
+7 10
+6 20
cfi=(13)
cfn=(28)
calls=5 +34 
* 251
* 5
+3 5
-3 5
+3 10
+4 5
+5 5
-6 5
+4 5
+2 5
-5 5
+3 5
+2 10
cfi=(14)
cfn=(38)
calls=5 -33 
* 147
+2 5
-2 5
+5 5
-1 5
-2 5
+3 20
+3 5
-3 5
+3 5
+9 5
-7 5
+4 5
+3 5
-46 5
+48 2
-2 2
+2 30
-2 30
+18 10
-6 5
+6 5
-5 5
+5 5
-6 5
+6 20
+2 16
+3 11
+4 12
+4 24
+8 1
+6 1
-3 2
+3 6
-3 8
+3 8
+2 8
cfi=(8)
cfn=(14)
calls=4 29 
* 211
* 4
+4 4
-4 4
+4 4
+64 4
+7 45
70 10
+1 40
+66 4
-39 10
223 6
-86 1
-4 1
+4 2
+24 8
cfi=(13)
cfn=(32) malloc
calls=4 -66 
* 116
* 4
+1 4
-1 4
+1 12
+45 12
cfi=(14)
cfn=(58) mempcpy
calls=4 56 
* 147
* 4
+6 132
-1 66
+1 70
-1 4
+1 4
+2 8
+3 8

fl=(6) /usr/src/debug/glibc-2.12-2-gc4ccff1/elf/../sysdeps/unix/sysv/linux/x86_64/brk.c
fn=(10) brk
29 1
+3 4
+2 2
-2 1
+2 1
+7 2

fl=(20) /usr/src/debug/glibc-2.12-2-gc4ccff1/elf/dl-debug.c
fn=(70) _dl_debug_state
77 2

fn=(66) _dl_debug_initialize
52 12
+5 6
-5 6
+5 12
+5 2
-1 1
+1 3
+1 2
+4 6
-10 12
+4 1
-1 1
+1 4

fl=(4)
fn=(158) do_lookup_x
83 2043
+1 227
-6 227
+5 681
-5 2043
+12 227
231 227
+3 227
+39 227
-42 227
+3 227
99 227
-3 227
+1 227
+2 227
+3 227
-3 227
+3 227
-3 669
-3 669
+1 669
+2 669
+3 669
-3 669
+3 669
+4 1822
+4 1786
+4 1786
+7 2679
+4 893
+1 893
227 893
125 1786
+1 1786
227 893
+1 1786
+4 456
+3 456
-3 912
+3 1368
+1 456
+3 912
-1 912
+1 456
-1 912
+21 253
+24 1352
470 2028
+1 410
-1 1140
+4 2047
+4 1816
288 1684
+4 473
+13 217
+1 217
-1 217
+1 651
+1 217
471 450
cfi=(24)
cfn=(84)
calls=90 301 
* 4329
-1 450
263 1748
+6 4370
+4 9432
cfn=(162) check_match.12439
calls=1179 133 
* 41862
+1 5895
-3 5825
-2 4896
-27 1308
+1 436
+2 1505
+10 576
-7 1995
+2 406
+1 203
-1 203
+1 812
-1 609
+1 812
cfn=(162)
calls=203 133 
* 21327
+1 2134
fi=(39) /usr/src/debug/glibc-2.12-2-gc4ccff1/elf/../sysdeps/generic/dl-hash.h
30 227
+2 908
+3 227
-1 227
+1 681
+2 681
+1 908
+2 681
+1 908
+2 681
+1 908
+2 876
+1 12126
+3 15292
+1 7646
+13 3823
+1 11469
-18 219
fe=(4)
264 454

fn=(6) _dl_setup_hash
873 18
+5 4
+3 8
+2 4
-1 4
+4 4
+4 8
-4 4
+1 8
+2 4
+1 4
+2 4
+2 12
-7 4
+7 8
+1 4
+3 6
+2 2
+2 2
+1 2
+1 2
+2 2
-4 2
+4 4

fn=(156)
724 681
485 227
724 1362
485 227
724 1135
485 1135
+1 454
-1 227
+1 681
-1 681
+1 9446
-1 4723
+1 14169
-1 14623
730 227
+9 227
-13 454
+1 454
+12 908
+6 2043
+8 20
-8 50
+2 3405
cfn=(158)
calls=227 83 
* 219945
+3 454
-5 227
+33 454
+23 651
+1 434
-1 868
+39 434
-3 434
+14 651
+3 651
1023 217
859 217
+1 217
+1 1816
-81 70
+17 20
+1 10
+54 2

fn=(162)
133 8292
+1 2764
+2 2764
+2 2367
-2 1578
+12 2367
+3 1578
+5 217
-1 217
+1 217
-1 217
+1 217
+2 222
+19 222
+1 555
+1 111
-1 222
+1 333
cfi=(15)
cfn=(46)
calls=111 -44 
* 9574
-1 222
+46 9674
-73 3045
cfi=(15)
cfn=(46)
calls=609 -16 
* 7809
* 1827
+64 1144
-9 212
+2 212
+1 212
-1 848
-72 2764
+79 1186

fl=(21) /usr/src/debug/glibc-2.12-2-gc4ccff1/elf/dl-tls.c
fn=(146) _dl_allocate_tls_storage
354 1
+13 1
-13 2
+2 1
+11 2
cfi=(13)
cfn=(36) __libc_memalign
calls=1 53 
* 50
* 1
+1 1
-1 1
+1 1
+7 1
+4 307
-58 1
+1 1
-1 1
+1 2
cfi=(13)
cfn=(28)
calls=1 111 
* 39
* 1
+1 2
+3 1
+6 2
+64 5

fn=(68) _dl_count_modids
116 2
+1 3

fn=(144) _dl_determine_tlsoffset
138 1
+11 1
-11 3
+45 8
+5 2
+4 2
-4 3
+2 2
+2 3
+12 2
+4 5
+3 2
-1 2
+10 1
-37 2
+37 1
-37 3
+41 1
-1 1
+52 1
-51 1
+52 4
-52 3
+52 1

fn=(174) _dl_allocate_tls_init
402 7
+1 1
-1 1
+1 1
+4 1
+8 5
+5 6
+6 8
+27 3
+8 3
+1 3
+1 6
cfi=(14)
cfn=(58)
calls=1 56 
* 23
* 4
cfi=(28) /usr/src/debug////////glibc-2.12-2-gc4ccff1/string/../sysdeps/x86_64/memset.S
cfn=(102) memset
calls=1 44 
* 27
* 3
-43 3
+6 4
+3 1
+1 2
+7 1
+2 1
-2 2
+2 2
+38 1
+3 9

fn=(130) _dl_next_tls_modid
57 3
+48 2
+4 1

fn=(172) _dl_add_to_slotinfo
843 6
+6 1
+3 2
+5 3
+42 1
-1 3
+1 2
+1 6

fl=(14)
fn=(58)
56 39
+4 39
+3 39
+1 39
+2 17
+1 17
+2 17
+1 17
+5 17
+1 17
-1 22
+1 22
+2 16
+1 16
+2 16
+1 16
+5 16
+1 16
-1 23
+1 23
+2 13
+1 13
+2 13
+1 13
+5 13
+1 13
-1 26
+1 26
+2 15
+1 15
+2 15
+1 30
+5 15
+1 15
-1 24
+1 36
+5 12
+1 12
+1 12
+1 12
+2 12
+2 12
+1 12
+2 12
+6 39
+4 39
+12 1
+2 1
+1 1
+26 1
+1 1
+3 1
+1 1
+1 1
+5 1
+2 1
+1 1
+1 1
+1 1
+2 1
+1 1
+1 1
+1 1
+2 1
+1 1
+2 1
+2 1
+2 1
+1 1
+1 1
+1 1
+2 1
+1 1
+1 1
+1 1
+2 1
+1 1
+2 2
+5 1
+2 1

fn=(38)
56 23
+2 23
+2 23
+3 23
+1 23
+2 7
+1 7
+2 7
+1 7
+5 7
+1 7
-1 16
+1 16
+2 6
+1 6
+2 6
+1 12
+5 6
+1 6
-1 17
+1 17
+2 1
+1 1
+2 1
+1 1
+5 1
+1 1
-1 22
+1 22
+2 11
+1 11
+2 11
+1 11
+5 11
+1 11
-1 12
+1 24
+5 12
+1 12
+1 12
+1 12
+2 12
+2 12
+1 12
+2 12
+8 23
+8 4
+6 4
+2 4
+1 4
+26 4
+1 4
+3 4
+1 4
+1 4
+5 4
+2 4
+1 4
+1 4
+1 4
+2 4
+1 4
+1 4
+1 4
+2 4
+1 4
+2 4
+2 3
+2 3
+1 3
+1 3
+1 3
+2 3
+1 3
+1 3
+1 3
+2 3
+1 3
+2 6
+5 3
+6 3
+1 3
-7 1
+6 1
+1 1

fl=(10) /usr/src/debug/glibc-2.12-2-gc4ccff1/elf/dl-environ.c
fn=(22) _dl_next_ld_env_entry
31 3
+3 11
+2 112
+11 54
-13 163
+17 1
-15 18
+6 2
-3 2
+3 2
+2 2

fl=(29)
fn=(112)
62 14
+7 7
-4 77
cfi=(18) /usr/src/debug/glibc-2.12-2-gc4ccff1/elf/dl-load.c
cfn=(82) _dl_map_object
calls=7 1984 
* 16886
* 7
+5 14

fn=(110) _dl_map_object_deps
149 1
+1 1
-1 2
+1 1
-1 2
+1 1
-1 1
+1 2
-1 4
+1 1
-1 1
+1 2
+16 1
-16 1
+14 1
+1 1
+1 1
+6 3
+10 1
-10 1
+10 1
-36 5
+20 1
-2 1
+19 1
-17 1
+6 1
-6 1
-2 1
+2 1
-2 1
+1 1
+1 1
+6 3
+10 1
-10 1
+10 5
+19 1
-15 1
+18 1
338 3
186 2
338 1
201 2
+2 1
+1 1
338 4
208 1
+5 1
+4 2
-9 5
+5 5
+4 10
+2 2
+3 12
+10 4
-8 4
+7 4
-7 4
+8 4
+3 4
-5 4
+1 4
-7 4
+5 4
+6 28
+50 14
+1 12
-51 388
+1 194
+6 35
cfi=(19) /usr/src/debug////////glibc-2.12-2-gc4ccff1/string/../sysdeps/x86_64/strchr.S
cfn=(60) index
calls=7 26 
* 229
* 21
+5 35
-3 7
+3 7
cfi=(22)
cfn=(74)
calls=7 -87 
* 17404
+2 21
+15 7
+2 14
+5 4
+6 4
+2 4
-8 8
+5 4
-2 4
+1 4
+2 4
+4 24
-59 8
+13 2
466 12
+2 12
+2 12
cfi=(13)
cfn=(32)
calls=4 95 
* 116
* 4
+2 4
-2 4
+2 4
+4 16
-1 4
+2 4
-1 8
cfi=(14)
cfn=(38)
calls=4 56 
* 91
+1 16
cfi=(14)
cfn=(38)
calls=4 56 
* 91
+4 4
-1 4
+5 36
+2 6
+1 42
217 22
+1 5
-1 10
+2 28
488 3
+4 4
+1 2
+3 5
+11 4
cfi=(13)
cfn=(32)
calls=1 95 
* 29
* 1
+2 1
-2 1
+2 1
+5 2
+1 1
-1 1
+1 1
-1 1
+1 1
-1 1
+1 5
+8 5
+4 2
-10 3
+6 25
+4 10
-10 16
+13 2
+53 4
+43 1
-5 1
+6 2
-1 6
+1 3
cfi=(28)
cfn=(102)
calls=1 44 
* 19
* 1
+25 2
-25 1
+25 1
-25 1
+25 1
-21 2
+7 1
-6 2
+6 1
-7 8
+7 4
-6 8
+6 12
+2 16
+1 8
-1 24
+1 16
+3 39
-1 57
+23 10
-28 20
+31 19
+3 32
cfi=(28)
cfn=(102)
calls=4 44 
* 70
* 8
-45 8
+45 1
+7 2
+2 1
+1 1
-1 1
+9 2
+3 2
+3 8
288 360
619 8
cfi=(14)
cfn=(38)
calls=1 56 
* 47
+2 3

fl=(18)
fn=(86) expand_dynamic_string_token
317 8
+10 1
-10 1
+10 1
-10 1
+10 1
cfi=(19)
cfn=(60)
calls=1 26 
* 61
* 2
162 2
cfi=(8)
cfn=(14)
calls=1 29 
* 94
* 1
+1 2
cfi=(13)
cfn=(32)
calls=1 -68 
* 29
* 1
+2 2
+3 2
342 3
168 1
342 4
168 1
cfi=(14)
cfn=(38)
calls=1 56 
* 60

fn=(82)
1984 8
+11 8
-11 16
+11 8
-11 8
+11 8
-11 56
+11 8
-11 16
+11 16
+12 58
-12 87
+5 165
+3 99
cfi=(24)
cfn=(84)
calls=33 301 
* 1956
* 66
2269 72
2027 4
-1 8
+10 4
-1 8
+26 8
-2 4
+2 4
cfi=(19)
cfn=(60)
calls=4 26 
* 121
* 8
2198 2
+1 4
cfn=(86)
calls=1 317 
* 278
+2 1
-3 1
+3 1
+4 9
cfn=(88) open_verify
calls=1 1581 
* 162
+3 1
-3 1
+3 1
+11 12
+3 8
+44 4
+1 28
-1 4
+1 12
cfn=(94) _dl_map_object_from_fd
calls=4 836 
* 5945
* 8
2026 8
+39 6
cfi=(8)
cfn=(14)
calls=3 29 
* 159
* 3
+2 3
-2 3
+2 3
+7 12
+35 9
+1 45
cfn=(114) open_path
calls=3 1835 
* 2391
+6 3
-6 3
+6 3
+76 6
-76 6
610 9
2123 12
+6 6
cfi=(31) /usr/src/debug/glibc-2.12-2-gc4ccff1/elf/dl-cache.c
cfn=(118) _dl_load_cache_lookup
calls=3 186 
* 5435
+2 3
-2 3
+2 3
+4 9
+9 6
+28 27
cfn=(88)
calls=3 1581 
* 886
+3 3
-3 3
+3 3
+1 6
-93 3
-5 6
+5 3
+3 6
-3 3
+3 6
-3 3
+3 30
-3 9
610 9
2084 9
+14 15
+2 9
-2 6
610 9
2008 29
-1 58
+4 15
+2 15
-2 30
+2 45
cfi=(15)
cfn=(46)
calls=15 135 
* 315
* 45

fn=(62) fillin_rpath
387 16
+4 3
cfi=(13)
cfn=(64) strsep
calls=1 -66 
* 286
* 6
cfi=(13)
cfn=(64)
calls=2 -66 
* 244
* 9
+3 4
cfi=(8)
cfn=(14)
calls=2 29 
* 89
+4 2
-4 2
+4 2
+15 4
+29 21
+1 10
-38 8
+5 6
+51 6
+3 8
cfi=(13)
cfn=(32)
calls=2 95 
* 58
* 2
+3 2
-3 2
+3 2
+4 2
+2 6
-2 4
+2 2
cfi=(14)
cfn=(58)
calls=2 56 
* 58
* 2
+3 2
-2 4
+2 2
+1 1
+5 2
+1 1
-1 2
+1 2
-1 2
+1 1
-1 2
+1 26
+1 1
-1 3
+1 1
-1 20
-98 2
+98 3
+1 11
-1 6
+4 2
-1 4
+1 2
+7 4
+1 2
+3 6
+5 1
+3 9
-14 4
-9 3

fn=(88)
1581 192
+36 16
-36 32
+36 62
+21 80
cfi=(25)
cfn=(90)
calls=16 82 
* 152
+1 16
-1 16
+1 16
+11 12
-1 4
+1 16
cfi=(25)
cfn=(92) read
calls=4 82 
* 20
* 8
+7 12
-7 4
+7 4
+16 50
+2 4
-2 56
+60 8
+5 8
+2 12
+6 8
+7 4
+1 4
+1 4
-2 16
+1 12
+16 16
+15 8
-15 168
+1 61
+4 15
+1 9
+14 21
+2 9
+5 2
+1 2
-13 69
+16 4
+6 2
-3 2
+1 2
+1 2
+1 4
+1 2
-1 4
-3 2
+1 2
+1 8
-2 2
+3 4
+14 144
-56 2
-92 12
cfi=(34) /usr/src/debug/glibc-2.12-2-gc4ccff1/string/../string/memcmp.c
cfn=(128) bcmp
calls=2 322 
* 178
* 8

fn=(54) _dl_init_paths
633 1
+15 2
-15 8
+15 3
cfi=(5) /usr/src/debug/glibc-2.12-2-gc4ccff1/elf/../elf/dl-sysdep.c
cfn=(56) _dl_important_hwcaps
calls=1 354 
* 328
+4 1
-4 1
+4 1
cfi=(13)
cfn=(32)
calls=1 95 
* 29
* 1
+2 1
-2 2
+2 1
+7 5
+4 4
cfi=(13)
cfn=(32)
calls=1 95 
* 29
* 1
* 1
+3 3
+29 1
-22 2
+22 3
-2 2
-21 1
+1 1
+22 3
-8 1
-4 1
-2 2
+11 1
-6 1
-3 1
+1 1
+3 1
+1 1
+4 1
-5 1
-4 1
-2 2
+11 1
-6 1
-3 1
+1 1
+3 1
+1 1
+4 27
+1 2
-1 6
+1 2
-1 24
+1 4
-1 12
+3 10
+7 1
+4 1
-5 1
+6 2
+4 3
+32 4
+8 3
cfi=(19)
cfn=(60)
calls=1 26 
* 43
* 2
+2 2
cfi=(8)
cfn=(14)
calls=1 29 
* 65
* 8
cfi=(14)
cfn=(38)
calls=1 56 
* 31
* 1
+17 6
+2 1
+1 2
+1 1
-4 3
+2 26
+1 52
+1 26
-4 79
+7 1
cfi=(13)
cfn=(32)
calls=1 95 
* 29
* 1
+2 1
-2 1
+2 1
+6 7
cfn=(62)
calls=1 387 
* 997
+4 3
+6 1
+4 8
-72 1
-2 1
+2 2
+11 2

fn=(114)
1835 24
+1 3
-1 15
+7 3
-7 3
+1 3
+6 6
+5 12
+52 6
-52 3
+52 3
-52 21
+75 9
-63 18
+7 24
cfi=(14)
cfn=(58)
calls=6 56 
* 174
+1 6
-1 6
+1 42
+20 16
-20 118
+3 48
+4 72
cfi=(14)
cfn=(58)
calls=12 56 
* 226
* 48
cfi=(14)
cfn=(58)
calls=12 56 
* 276
* 12
-1 12
+7 24
+3 84
cfn=(88)
calls=12 1581 
* 564
* 12
+2 36
+26 16
+2 12
+39 6
-41 6
+41 30
+7 6
-2 6
+2 30
-67 16
+1 48
+79 8
-80 16
+7 16
+3 8
-3 8
+3 24
cfi=(30) /usr/src/debug/glibc-2.12-2-gc4ccff1/io/../sysdeps/unix/sysv/linux/wordsize-64/xstat.c
cfn=(116) _xstat
calls=8 37 
* 98
-1 16
+1 4
-1 4
+3 12
+7 24
+65 27
-14 9
+10 6
-66 6

fn=(94)
836 48
+11 4
-11 4
+11 4
-11 4
+11 4
cfi=(20)
cfn=(66)
calls=4 52 
* 36
+4 12
-4 4
+4 4
cfi=(26)
cfn=(96)
calls=4 37 
* 40
* 8
+11 28
+1 12
-1 42
+1 56
+17 8
+25 8
+10 8
+22 20
+35 28
cfi=(11)
cfn=(24)
calls=4 62 
* 1850
+1 4
-1 4
+1 4
-54 4
+65 4
-65 4
+65 4
+1 4
+4 4
-4 4
+1 8
+2 16
+1 12
+1 8
+22 4
+8 4
-25 4
+17 4
+8 8
-8 16
+8 8
-8 4
+8 8
-8 4
+8 8
+99 8
-47 4
+47 12
-47 4
+47 12
-98 52
+6 12
+1 16
-8 240
+1 164
+70 3
+4 1
+1 2
+1 3
+4 2
+3 2
+7 2
-3 2
+6 1
cfi=(21)
cfn=(130)
calls=1 57 
* 6
* 3
+1 1
+58 6
+1 6
-5 8
+1 4
1038 40
+6 16
+1 8
-1 32
+7 24
+11 8
+1 8
-1 8
+1 8
-1 16
+1 8
+1 56
+2 24
+1 24
+1 24
+4 8
-4 8
+4 20
+5 36
+11 4
-11 36
+11 4
-56 6
+1 2
+67 4
+78 16
985 4
1191 8
985 4
1191 16
+2 4
-2 4
+2 4
+19 32
cfi=(27)
cfn=(98)
calls=4 82 
* 24
+4 4
-4 4
+4 8
+7 12
+1 4
+2 4
-2 4
+2 4
+10 8
+35 24
+3 8
+7 32
+6 4
+2 4
-2 4
+1 4
+2 8
-1 16
+8 8
+3 8
+11 32
cfi=(28)
cfn=(102)
calls=4 44 
* 332
+1 24
+5 8
+15 8
-73 40
+4 8
-2 8
+2 40
cfi=(27)
cfn=(98)
calls=4 82 
* 24
-2 8
+11 8
+2 4
-2 4
+2 4
+2 6
-2 6
+2 4
+1 2
-1 4
+1 8
-3 4
+5 8
+57 4
-77 4
+77 8
+9 4
fi=(3) /usr/src/debug/glibc-2.12-2-gc4ccff1/elf/dynamic-link.h
113 4
fe=(18)
1345 4
fi=(3)
113 4
+6 4
-2 4
+2 8
+7 4
+5 4
+3 4
+1 4
-3 4
-5 8
-1 112
+1 57
+10 19
-18 57
+18 9
-18 27
+2 186
+8 65
+8 65
-18 195
+25 12
+20 4
+1 4
+1 4
+1 4
+2 4
+5 4
+1 3
+1 3
+35 12
+5 1
+2 1
-2 2
+2 1
+2 2
+2 2
+1 1
+2 12
+2 4
+2 4
+1 1
+2 8
fe=(18)
1351 12
+16 12
+19 8
+2 20
+51 12
+1 2
+3 2
cfi=(25)
cfn=(106)
calls=1 82 
* 5
* 6
cfi=(25)
cfn=(106)
calls=3 82 
* 15
* 8
+8 8
+3 8
+2 4
-2 4
+2 4
+16 8
cfi=(4)
cfn=(6)
calls=4 873 
* 86
+4 16
+18 8
+4 4
+5 4
-5 4
+1 8
+4 4
+6 12
cfi=(11)
cfn=(40)
calls=4 33 
* 184
+5 4
-1 8
+20 36
1232 28
cfi=(27)
cfn=(100)
calls=4 82 
* 20
* 4
1495 2
1321 8
cfi=(27)
cfn=(98)
calls=1 82 
* 6
+3 2
fi=(3)
128 36
+3 36
+1 24
+2 12
+1 12
fe=(18)

fl=(15)
fn=(46)
135 1056
+1 1056
+1 1056
+1 415
+1 415
+1 415
+1 415
cfn=(47) strcmp'2
calls=415 -6 
* 15611
+5 641
+1 641
+1 641
+1 641

fn=(47)
135 2181
+1 2181
+1 2181
+1 1938
+1 1938
+1 1938
+1 1938
cfn=(47)
calls=1766 -6 
* 68404
+2 172
+1 172
+2 243
+1 243
+1 243
+1 243

fl=(27)
fn=(100)
82 28
+1 7

fn=(180) munmap
82 4
+1 1

fn=(98)
82 65
+1 13

fl=(55)
fn=(282)
30 13
+2 13
+1 13
+1 13
+1 13
+1 13
+1 13
+1 13
+1 13
+1 13
+1 13
cfi=(56)
cfn=(284)
calls=13 +32 
* 18548
+1 13
+1 13
+1 13
+1 13
+1 13
+1 13
+1 13
+1 13
+1 13
+2 13

fl=(23)
fn=(78)
26 8
+2 8
+1 16
+1 8
+4 8
+1 8
+1 8
+1 8
+1 8
+2 16
+2 8
+1 8
+2 16
+2 8
+4 8
+1 8

fl=(5)
fn=(8) _dl_sysdep_start
89 8
+25 1
-1 1
+1 176
+3 1
-3 1
+6 2
-2 1
-1 1
+3 1
-6 1
+6 4
+1 1
-1 7
+1 102
+3 2
-4 49
fi=(16) /usr/src/debug/glibc-2.12-2-gc4ccff1/elf/../sysdeps/unix/sysv/linux/dl-sysdep.c
-84 2
cfi=(6)
cfn=(10)
calls=1 -7 
* 11
fi=(7)
226 5
fe=(5)
+3 2
cfi=(9) /usr/src/debug/glibc-2.12-2-gc4ccff1/elf/../misc/sbrk.c
cfn=(16) sbrk
calls=1 35 
* 17
* 3
+12 3
+3 5
cfi=(2)
cfn=(18) dl_main
calls=1 888 
* 327861
+2 9
-67 1
-59 4
+34 1
-34 4
+43 1
-43 4
+40 1
-40 4
+37 1
-37 5
+13 1
-13 4
+10 1
-10 4
+7 1
-7 4
227 1
cfi=(8)
cfn=(14)
calls=1 29 
* 35
* 2

fn=(56)
354 6
+3 1
-3 2
+3 1
-1 1
+1 1
+9 1
-12 4
+12 1
+10 3
+75 2
+8 2
+2 1
+1 1
-1 2
+1 3
+11 1
-7 2
+1 1
-1 1
+7 1
+4 6
+1 2
+18 11
+1 3
cfi=(13)
cfn=(32)
calls=1 95 
* 29
* 1
+1 1
-1 1
+1 1
+4 2
+22 3
+3 1
-3 3
+3 1
+28 2
-7 1
+7 4
+1 1
-1 1
+1 1
-1 1
+1 1
-1 1
+1 3
-1 3
+1 3
-1 3
+1 3
-1 5
+5 2
-5 3
+5 3
+3 1
-3 1
+3 1
-3 3
+3 1
-3 1
+3 7
+2 16
-2 4
+1 12
-1 2
+1 12
-1 10
+4 4
+3 1
+2 2
-1 1
-1 2
+2 3
+13 11
+1 1
+2 2
-3 3
+1 1
+2 2
+3 3
+3 9
418 1
+3 1
-3 1
+3 8
529 5
cfi=(14)
cfn=(58)
calls=1 56 
* 22
* 1
+1 1
-1 1
+1 2
cfi=(14)
cfn=(58)
calls=1 56 
* 22
* 3

fn=(176) _dl_sysdep_start_cleanup
252 1

fl=(98) /usr/src/debug/glibc-2.12-2-gc4ccff1/elf/dl-fini.c
fn=(540) _dl_sort_fini
34 9
+2 1
-2 3
+2 1
+5 1
+1 1
-1 2
+1 1
+1 1
-1 5
+1 3
cfi=(28)
cfn=(102)
calls=1 +1 
* 19
+15 4
+24 4
+38 4
+3 32
cfi=(28)
cfn=(102)
calls=4 -79 
* 70
* 8
-80 4
+4 4
+1 4
-1 4
+1 4
+4 12
-5 1
+1 1
-1 1
+1 1
+4 13
+6 5
+1 14
+2 16
+1 8
-1 24
+1 16
+3 39
-1 57
+31 30
+21 10
-57 20
+61 16
+3 1
+4 8

fn=(538) _dl_fini
133 11
+22 9
+3 2
cfi=(2)
cfn=(42)
calls=1 836 
* 2
+3 1
+3 2
+2 5
-2 2
+13 5
+16 4
+2 12
+4 12
+1 6
+5 6
-4 6
-2 6
-6 19
+19 4
cfn=(540)
calls=1 34 
* 482
+9 2
cfi=(2)
cfn=(44)
calls=1 842 
* 2
+4 6
+2 2
+2 3
-2 10
+2 15
+3 12
+3 18
+4 2
+7 10
+4 4
+2 3
+1 4
+1 4
cob=(3)
cfi=(49) /usr/src/debug/glibc-2.12-2-gc4ccff1/elf/soinit.c
cfn=(628) __libc_fini
calls=1 19 
* 6
-1 4
+5 15
+1 12
cob=(2) ???
cfi=(12) ???
cfn=(608) 0x00000030f2643fb8
calls=1 0 
* 1623
cob=(2)
cfi=(12)
cfn=(588) 0x00000030f3a21c28
calls=1 0 
* 1623
cob=(2)
cfi=(12)
cfn=(558) 0x00000000048017d8
calls=1 0 
* 1287
cob=(2)
cfi=(12)
cfn=(542) 0x0000000000405b18
calls=1 0 
* 31
+5 30
-39 6
+55 6
-55 18
-70 2
+70 1
-70 1
285 6
+6 2
+7 8
-63 10
+4 8
-60 2
+3 8

fl=(2)
fn=(2) _dl_start
365 9
+18 4
fi=(7)
76 2
fe=(2)
383 1
+29 2
-3 1
fi=(3)
119 1
fe=(2)
412 1
fi=(3)
119 2
+3 1
+4 1
+5 1
+3 1
+1 1
-3 1
-5 2
-5 14
+15 14
-18 42
+18 3
-18 9
+2 44
+5 32
+1 15
+10 5
-18 16
+25 2
fe=(2)
547 1
288 68
+12 2
cfi=(4)
cfn=(6)
calls=1 873 
* 24
+1 1
+1 1
+1 1
-2 1
+3 1
-2 1
+1 1
+1 1
+21 1
+10 1
-10 3
+10 1
-6 1
-4 1
+10 1
cfi=(5)
cfn=(8)
calls=1 89 
* 328356
* 1
+9 1
+7 1
-4 1
+4 1
572 9
fi=(3)
128 12
+3 12
+1 8
+2 4
+1 4
fe=(2)
540 2

fn=(142) init_tls
782 1
-56 1
-4 1
-2 1
+2 1
+4 1
+60 3
-54 1
+3 4
cfi=(13)
cfn=(28)
calls=1 111 
* 39
* 1
+14 1
-14 1
+7 1
+1 1
+6 3
+2 12
+4 1
+2 1
-2 2
-5 1
-1 2
+1 5
-1 10
+13 1
cfi=(21)
cfn=(144)
calls=1 138 
* 55
+7 1
cfi=(21)
cfn=(146)
calls=1 354 
* 424
+1 1
-1 1
+1 1
+6 1
+4 1
-4 1
+4 6
+3 1
+2 1

fn=(72) do_preload
802 6
+6 1
+1 1
+5 5
-10 1
+6 1
+2 1
+2 1
cfi=(22)
cfn=(74)
calls=1 160 
* 2244
+1 2
+2 3
+12 5

fn=(80)
628 2
+2 7
cfi=(18)
cfn=(82)
calls=1 1984 
* 2175
* 1
+2 2

fn=(18)
888 1
+19 1
-19 5
+22 1
-22 2
+32 1
-32 4
+27 1
-1 1
+6 1
+3 1
-16 1
+3 1
+4 1
+1 1
+8 1
cfn=(20) process_envvars
calls=1 2532 
* 598
+7 3
1109 5
+9 1
-9 2
cfi=(11)
cfn=(24)
calls=1 62 
* 250
+4 1
-4 1
+3 1
+6 2
-5 1
+1 2
+4 1
cfi=(11)
cfn=(40)
calls=1 33 
* 31
* 1
+30 1
-3 1
+3 1
-8 1
+1 1
+2 1
+5 5
+1 24
-1 24
+1 39
+91 2
+1 1
-88 3
+1 1
+49 2
+1 2
-1 8
+2 4
+1 2
+3 2
+1 2
-1 2
+1 2
+1 2
+1 6
+1 2
-43 1
-3 2
+3 1
+7 2
-10 1
+10 1
+68 2
-87 3
+1 1
+92 3
+3 2
+2 2
+2 3
+13 3
+1 6
cfi=(15)
cfn=(46)
calls=1 135 
* 7
-1 2
+12 2
-4 1
-2 1
+3 1
+3 1
+6 2
fi=(3)
104 1
+9 2
+6 1
-2 1
+2 2
+7 1
+5 1
+3 1
+1 1
-3 1
-5 2
-1 12
+1 9
+10 3
-18 9
+2 42
+8 18
+8 18
-18 54
+25 3
+67 3
+14 3
+7 2
fe=(2)
1294 2
cfi=(4)
cfn=(6)
calls=1 873 
* 14
+3 2
+20 4
+92 1
cfi=(16)
cfn=(50) _dl_discover_osversion
calls=1 67 
* 92
* 8
+5 2
cfi=(18)
cfn=(54)
calls=1 633 
* 1962
+3 3
cfi=(20)
cfn=(66)
calls=1 52 
* 23
+7 1
-7 1
+2 1
+5 1
+4 1
+3 1
-2 1
+3 1
-2 1
-2 2
+9 1
-9 1
+1 1
+8 1
+5 1
+4 1
-3 2
+3 1
+4 1
-5 1
+5 2
+1 2
+1 1
-1 2
+1 3
+2 2
+1 2
+5 2
+5 4
1642 1
cfi=(21)
cfn=(68)
calls=1 116 
* 5
* 1
+8 3
+3 2
+4 3
+5 2
+1 1
cfi=(20)
cfn=(70)
calls=1 77 
* 1
+1 1
+4 3
+19 4
+31 3
cfi=(25)
cfn=(108) access
calls=1 82 
* 11
* 2
+77 5
+17 1
+1 2
-1 1
+1 2
-1 1
+1 3
cfi=(29)
cfn=(110)
calls=1 149 
* 20163
+1 1
+2 5
+3 1
-3 2
+3 1
-3 1
+3 1
-3 1
+3 1
+1 5
-1 2
+1 20
-1 11
+4 3
+1 3
+1 1
+2 2
+1 27
-1 12
+1 2
+13 1
-1 2
+1 1
+2 4
+5 1
-5 1
+4 2
+12 1
+3 1
+1 1
-1 1
+1 3
+11 2
+2 3
-2 2
+1 4
+1 1
cfi=(22)
cfn=(132)
calls=1 198 
* 6697
+10 1
+1 1
-1 1
+1 1
+3 2
851 1
fi=(36) /usr/src/debug/glibc-2.12-2-gc4ccff1/elf/../sysdeps/unix/sysv/linux/dl-osinfo.h
70 2
+48 2
fe=(2)
853 1
+6 2
fi=(36)
127 2
+11 2
fe=(2)
864 1
+2 1
+6 1
1895 2
2121 3
+56 2
+4 4
+4 2
+48 2
+7 1
-7 1
+7 1
+3 25
+3 3
+6 2
+2 2
-2 10
+2 10
+7 6
-2 6
+2 12
+1 35
cfi=(37)
cfn=(150)
calls=5 158 
* 282657
+4 14
+1 2
cfi=(21)
cfn=(172)
calls=1 843 
* 24
+2 6
+2 12
+1 1
+2 7
+6 1
-6 1
+6 1
+9 4
+2 1
+5 2
cfi=(21)
cfn=(174)
calls=1 402 
* 128
+4 2
+11 4
+29 1
cfi=(5)
cfn=(176)
calls=1 252 
* 1
+4 3
+20 3
cfi=(20)
cfn=(66)
calls=1 52 
* 9
+1 1
-1 1
+2 1
cfi=(20)
cfn=(70)
calls=1 77 
* 1
+1 1
+4 1
cfi=(31)
cfn=(178) _dl_unload_cache
calls=1 316 
* 15
+5 8
-50 1
+2 1
+1 1
-3 1
+3 3
-3 1
+3 1
cfi=(37)
cfn=(150)
calls=1 158 
* 9927
+1 1
+2 10
1438 4
-11 4
1799 9
+4 3
+1 1
+1 3
2256 1
+1 1
-3 2
1694 78
cfi=(14)
cfn=(38)
calls=1 56 
* 60
* 1
+3 4
+3 3
cfi=(13)
cfn=(64)
calls=1 325 
* 1266
* 3
cfi=(13)
cfn=(64)
calls=1 325 
* 4
* 6
+1 4
+3 4
cfn=(72)
calls=1 802 
* 2271
* 2
+2 1
+2 12
1888 1
cfn=(142)
calls=1 782 
* 590
* 2

fn=(20)
2532 1
+8 2
-8 4
+23 1
-23 4
+8 1
-8 1
+8 2
-7 1
+6 2
fi=(102) /usr/src/debug/glibc-2.12-2-gc4ccff1/elf/../sysdeps/unix/sysv/linux/dl-librecon.h
32 1
fe=(2)
2539 1
-6 1
fi=(102)
32 2
fe=(2)
2542 2
cfi=(10)
cfn=(22)
calls=1 31 
* 126
* 4
cfi=(10)
cfn=(22)
calls=2 31 
* 244
* 9
+4 6
-4 2
+4 38
+1 19
-1 57
+9 12
2704 1
-4 1
+4 1
-4 1
+4 1
+30 2
+21 8
2629 17
-53 5
+7 12
+2 2
+1 1
+45 2
+1 1

fn=(134)
660 2
+3 4
cfi=(35)
cfn=(136)
calls=1 387 
* 6657
-1 2
+4 2

fn=(42)
836 7
+1 7

fn=(44)
842 7
+1 7

fn=(76)
796 18

fl=(9)
fn=(16)
35 3
+8 1
-8 1
+8 5
+4 2
+11 5

fl=(42) /usr/src/debug/glibc-2.12-2-gc4ccff1/elf/dl-init.c
fn=(184) _dl_init
93 11
+5 1
-4 1
+1 1
+3 2
+7 2
+27 2
+1 14
+1 6
-1 6
+1 12
-97 18
+9 5
-3 10
+3 15
+5 12
+5 6
+8 6
+6 18
cob=(2)
cfi=(12)
cfn=(252) 0x00000030f3a0a670
calls=1 -70 
* 29
cob=(2)
cfi=(12)
cfn=(232) 0x00000030f2603d90
calls=1 -70 
* 29
cob=(3)
cfi=(44) /usr/src/debug/glibc-2.12-2-gc4ccff1/csu/../sysdeps/unix/sysv/linux/init-first.c
cfn=(210) _init
calls=1 -18 
* 2135
+4 3
+1 6
+65 8
-89 2
-5 4
-9 3
+9 1
-3 2
+3 3
+5 3
+5 2
+8 2
+6 7
cob=(2)
cfi=(12)
cfn=(186) 0x00000000048014d0
calls=1 -70 
* 40
* 1
+4 1
+1 2
+26 2

fl=(17) /usr/src/debug////////glibc-2.12-2-gc4ccff1/posix/../sysdeps/unix/syscall-template.S
fn=(52) uname
82 4
+1 1

fl=(16)
fn=(50)
67 4
+2 3
+85 5
-45 3
cfi=(17)
cfn=(52)
calls=1 -27 
* 5
* 3
+12 2
+10 12
+4 3
-2 9
+2 10
+3 4
-3 4
+7 3
-1 3
+2 3
+2 14
+5 2

fl=(28)
fn=(102)
44 15
+1 15
+1 15
+4 15
+1 15
+1 15
+1 15
+2 15
+1 15
+2 13
+5 13
+1 13
+1 13
+1 13
+1 13
326 1
+1 1
+1 1
+1 1
+1 1
+1 1
+1 1
+1 1
+1 1
+1 1
+1 1
+1 1
+1 1
+1 1
+1 1
-11 1
+1 1
+1 1
+1 1
+1 1
+1 1
+1 1
+1 1
+1 1
+1 1
+1 1
+1 1
-8 1
+1 1
+1 1
+1 1
+1 1
+1 1
+1 1
+1 1
+1 1
-3 2
+1 2
+1 2
+1 2
-2 3
+1 3
+1 3
-1 2
+1 2
+67 1
+1 1
+1 1
+1 1
+1 1
+1 1
+1 1
+1 1
+1 1
+1 1
+1 1
-2 2
+1 2
+1 2
-1 2
+1 2
+87 2
+1 2
+1 2
+1 2
+1 2
+1 2
+1 2
+5 2
+1 2
+1 2
+1 2
+1 2
+36 1
+1 1
+37 2
1214 2
+1 4
+4 2
+1 2
+1 4
+5 2
+2 2
+1 2
+1 2
+1 2
+1 2
+1 2
+1 2
+1 2
+1 2
+1 2
+1 2
+1 2
+1 2
+1 2
+1 2
+1 2
+2 2
+2 2
-21 8
+2 8
+1 8
+1 8
+1 8
+1 8
+1 8
+1 8
+1 8
+1 8
+1 8
+1 8
+1 8
+1 8
+1 8
+1 8
+1 8
+2 8
+2 8
+3 2
+1 2
+6 2
+1 2
+1 2
+1 2
+1 2

fl=(13)
fn=(36)
53 128
+1 127
+11 93
+3 31
-3 31
+3 62
-3 3
+3 1
-3 1
+3 118
+4 12
+1 9
+6 21
cfi=(27)
cfn=(98)
calls=3 +3 
* 18
+2 6
+3 6
+1 6
-1 3
+1 6
+3 3
+1 3
+2 12
-3 29
+1 29
+2 116
-31 2
-1 5

fn=(64)
325 5
+1 10
+4 27
+5 6
-5 270
+5 364
+2 736
+8 92
-15 278
+18 2
+4 4
-13 2
+2 2
+7 1
+4 1

fn=(32)
95 31
+1 62
cfn=(36)
calls=31 -43 
* 831
* 31

fn=(28)
111 12
-3 12
+3 24
-3 12
+3 24
+4 24
cfn=(32)
calls=12 -20 
* 404
* 12

fl=(30)
fn=(116)
37 8
-1 8
+1 8
+1 48
+4 2
-4 24

fl=(34)
fn=(128)
322 2
+7 2
-7 10
+7 2
+34 4
+6 4
+1 4
-3 4
+2 56
+1 28
-3 14
-4 34
+13 14

fl=(31)
fn=(178)
316 1
+1 4
+2 2
cfi=(27)
cfn=(180)
calls=1 82 
* 5
+1 1
+2 2

fn=(122) _dl_cache_libcmp
170 105
-29 70
+2 105
+20 105
+2 70
+4 35
+1 70
cfn=(123) _dl_cache_libcmp'2
calls=35 * 
* 2799

fn=(123)
170 501
-29 344
+2 501
+2 15
+6 10
+1 5
-1 5
+2 5
-1 10
+1 15
+1 4
-1 4
+2 5
+1 4
-1 20
+2 10
+6 486
+2 324
+4 132
+1 264
cfn=(123)
calls=132 * 
* 7816
+3 10
+1 5
-8 120

fn=(118)
186 27
+8 6
+3 9
+45 6
+6 9
+16 9
+12 3
-20 3
+8 3
+12 3
-12 3
+12 6
-20 3
+20 9
-20 3
+20 581
cfn=(122)
calls=30 170 
* 2764
* 156
-76 4
cfi=(24)
cfn=(120)
calls=1 44 
* 68
+8 2
+1 1
-1 2
+1 3
-1 13
+8 1
-3 1
+3 3
+3 1
+1 2
-1 1
+1 1
+2 2
-2 22
+56 67
cfn=(122)
calls=2 170 
* 162
* 18
cfn=(122)
calls=3 170 
* 433
* 113
+16 12
+4 6
+8 6
cfi=(8)
cfn=(14)
calls=3 29 
* 209
* 3
+1 3
-1 12
+1 6
cfi=(32) /usr/src/debug////////glibc-2.12-2-gc4ccff1/string/../sysdeps/x86_64/strcpy.S
cfn=(124) strcpy
calls=3 32 
* 277
+1 6
cfi=(33) /usr/src/debug/glibc-2.12-2-gc4ccff1/string/strdup.c
cfn=(126) strdup
calls=3 41 
* 348
+1 24

fl=(1) ???
fn=(0) 0x00000030f1e00b00
0 2
cfi=(2)
cfn=(2)
calls=1 365 
0 328751
0 14
cfi=(42)
cfn=(184)
calls=1 93 
0 2433
0 3
cob=(7) /h/dbessy01/Desktop/Profile /Version 1/um
cfi=(54) ???
cfn=(274) 0x0000000000400f00
calls=1 0 
0 101046395542

fl=(8)
fn=(14)
29 23
+1 23
+1 23
+1 23
+2 10
+1 10
+2 10
+1 10
-1 35
+1 35
+1 44
+1 44
+1 44
+2 44
+5 22
+1 22
+1 22
+1 22
+3 22
-6 6
+1 6
+1 6
+1 6
+3 6
+1 24
+1 24
+1 24
+2 24
+3 22
+1 22
+1 22
+1 22
+3 22
+1 21
+1 21
+1 21
+2 21
+3 14
+1 14
+1 14
+1 14
+3 14
+1 10
+1 10
+1 10
+2 10
+3 9
+1 9
+1 9
+1 9
+3 9
+1 7
+1 7
+1 7
+2 8
+3 1
+2 1
+1 1
-3 21
+2 21
+1 21
+1 15
+2 15
+1 15
+1 13
+2 13
+1 13
+1 8
+2 8
+1 8
+1 3
+2 3
+2 3
+1 3
+1 3
+2 3
+1 3
+1 3
+2 3
+1 3
+3 23
+1 23

fl=(33)
fn=(126)
41 12
+1 3
cfi=(8)
cfn=(14)
calls=3 -13 
* 117
* 3
+1 6
cfi=(13)
cfn=(32)
calls=3 +52 
* 87
* 3
+2 6
+3 6
+1 6
-1 3
+1 3
-1 3
cfi=(14)
cfn=(38)
calls=3 +8 
* 90

fl=(25)
fn=(106)
82 20
+1 5

fn=(90)
82 68
+1 17
+1 72

fn=(108)
82 4
+1 1
+1 6

fn=(92)
82 16
+1 4

fl=(19)
fn=(60)
26 13
+1 13
+1 13
+1 13
+1 13
+1 13
+1 13
+1 13
+1 13
+1 13
+1 13
+1 13
+1 13
+1 13
+1 13
+1 13
+1 13
+1 13
+1 13
+1 13
+1 13
+2 14
+1 14
+1 14
+1 14
+1 14
+1 14
+1 14
+1 14
+1 14
+2 13
+1 13
+1 1
+1 1
+1 1
+1 1
+1 12
+1 13

fl=(32)
fn=(124)
32 3
+1 3
+1 3
+2 3
+2 3
+1 3
+3 3
+1 3
+1 3
+1 3
-3 11
+1 11
+1 11
+1 11
+1 14
+1 14
+1 14
+1 14
+3 3
+8 3
+1 3
+1 3
+1 3
+3 3
+1 3
+1 3
+1 3
+3 3
+2 3
+1 3
+3 3
+1 3
+1 3
+1 3
+3 3
+1 3
+1 3
+1 3
+3 3
+2 1
+1 1
+3 1
+1 1
+1 1
+1 1
+3 1
+1 1
+1 1
+1 1
+3 1
+30 8
+1 8
+1 8
+1 7
+1 7
+1 7
+1 7
+1 5
+1 5
+1 5
+6 3
+2 3

fl=(26)
fn=(96)
37 5
-1 5
+1 5
+1 30
+4 5

ob=(3)
fl=(86) /usr/src/debug/glibc-2.12-2-gc4ccff1/libio/fileops.c
fn=(448) _IO_file_stat
1225 2
+2 6
cfi=(92) /usr/src/debug/glibc-2.12-2-gc4ccff1/io/../sysdeps/unix/sysv/linux/wordsize-64/fxstat.c
cfn=(450) _fxstat
calls=2 37 
* 20

fn=(416) _IO_file_init@@GLIBC_2.2.5
147 3
+5 1
-1 1
-4 1
+4 1
+3 1
cfi=(85) /usr/src/debug/glibc-2.12-2-gc4ccff1/libio/genops.c
cfn=(418) _IO_link_in
calls=1 -50 
* 77
+1 1
+1 4

fn=(522) _IO_file_write@@GLIBC_2.2.5
1261 7
+2 7
-2 42
+2 7
-2 7
+2 14
+11 7
-11 14
+2 14
+3 28
cfi=(87) /usr/src/debug////////glibc-2.12-2-gc4ccff1/io/../sysdeps/unix/syscall-template.S
cfn=(524) write
calls=7 82 
* 49
+1 14
+9 21
+3 42
-6 21

fn=(420) _IO_file_fopen@@GLIBC_2.2.5
257 9
+11 2
415 7
270 3
+25 1
-10 1
+10 1
-10 1
+10 7
-7 2
+7 1
-25 4
+65 1
227 2
+4 3
cfi=(87)
cfn=(422) open
calls=1 82 
* 7
* 1
+4 2
+3 1
-1 1
+1 2
+1 2
-1 1
+1 1
+7 2
cfi=(85)
cfn=(418)
calls=1 104 
* 11
+97 3
cfi=(88) /usr/src/debug/glibc-2.12-2-gc4ccff1/string/../string/strstr.c
cfn=(426) __GI_strstr
calls=1 53 
* 27
* 1
+1 3
-56 2

fn=(442) _IO_file_underflow@@GLIBC_2.2.5
537 12
+8 9
+6 9
+3 6
+13 6
+20 6
cfi=(85)
cfn=(456) _IO_switch_to_get_mode
calls=3 188 
* 60
+6 3
+5 12
-5 6
+1 3
+1 9
+3 3
cfn=(458) _IO_file_read
calls=3 1200 
* 39
+2 6
+10 2
-3 2
+3 4
+2 4
+1 8
-11 1
+1 1
+10 1
-6 1
+6 3
-56 3
+5 2
cfi=(85)
cfn=(444) _IO_doallocbuf
calls=1 419 
* 90
* 2

fn=(516) _IO_file_overflow@@GLIBC_2.2.5
829 905
+1 181
-1 181
+1 362
+7 1082
+35 362
+3 362
+3 181
+1 181
-1 362
+1 724
+5 181
+1 905
-45 2
+12 3
+9 2
+4 1
+4 1
-1 1
-5 1
+1 1
+4 1
-3 1
+1 1
+3 1
-3 2
+3 3
+1 3
+9 21
+3 7
-1 21
cfn=(520) _IO_do_write@@GLIBC_2.2.5
calls=7 493 
* 637
* 14
-39 2
cfi=(85)
cfn=(444)
calls=1 419 
* 101
+1 6

fn=(458)
1200 3
+1 6
+2 3
+1 3
-1 3
cfi=(87)
cfn=(460) read
calls=3 82 
* 21

fn=(520)
493 42
+1 7
-1 14
+1 14
+2 42
+11 21
+7 28
+8 35
cfn=(522)
calls=7 1261 
* 294
+1 7
-1 7
+1 14
+5 7
-2 7
+2 7
-2 21
+1 14
+1 7
-34 7
+34 7
-34 7
+29 14
+5 14

fn=(634) _IO_file_setbuf@@GLIBC_2.2.5
445 2
+1 1
cfi=(85)
cfn=(636) _IO_default_setbuf
calls=1 562 
* 63
* 2
+4 1
-1 3
+2 3
+3 3

fn=(638) _IO_file_sync@@GLIBC_2.2.5
891 1
+5 1
-5 1
+5 3
+2 1
+1 2
+17 2
+4 2

fl=(67) /usr/src/debug/glibc-2.12-2-gc4ccff1/malloc/hooks.c
fn=(340) malloc_hook_ini
36 1
-1 2
+1 1
+1 1
cfi=(68) /usr/src/debug/glibc-2.12-2-gc4ccff1/malloc/arena.c
cfn=(342) ptmalloc_init
calls=1 467 
* 59894
+1 1
+1 1
-1 1
cfi=(66) /usr/src/debug/glibc-2.12-2-gc4ccff1/malloc/malloc.c
cfn=(339) malloc'2
calls=1 3619 
* 1060

fl=(71) /usr/src/debug/glibc-2.12-2-gc4ccff1/nptl/../nptl/sysdeps/unix/sysv/linux/register-atfork.c
fn=(348) __linkin_atfork
117 1
+2 4
-1 3
+2 1

fl=(49)
fn=(220) __libc_global_ctors
19 1
+7 1
-7 5
+1 1
cfi=(50) /usr/src/debug/glibc-2.12-2-gc4ccff1/string/../sysdeps/x86_64/cacheinfo.c
cfn=(222) init_cacheinfo
calls=1 538 
* 1996
-1 3
+10 2

fn=(628)
19 1
+17 1
-17 2
+20 2

fl=(57) /usr/src/debug/glibc-2.12-2-gc4ccff1/csu/libc-start.c
fn=(288) (below main)
96 7
+10 1
-10 3
+10 3
+52 1
-52 1
+52 1
+1 4
cfi=(58) /usr/src/debug/glibc-2.12-2-gc4ccff1/stdlib/cxa_atexit.c
cfn=(290) __cxa_atexit
calls=1 57 
* 60
+22 4
+3 2
+1 5
cob=(7)
cfi=(54)
cfn=(294) __libc_csu_init
calls=1 0 
* 64
+4 4
+15 2
+9 2
cfi=(59) /usr/src/debug////////glibc-2.12-2-gc4ccff1/setjmp/../sysdeps/x86_64/bsd-_setjmp.S
cfn=(320) _setjmp
calls=1 34 
* 29
+1 2
+5 2
+1 2
+3 2
+3 5
cob=(7)
cfi=(62) /h/dbessy01/Desktop/Profile /Version 1/main.c
cfn=(326) main
calls=1 15 
* 101046387778
+32 2
cfi=(97) /usr/src/debug/glibc-2.12-2-gc4ccff1/stdlib/exit.c
cfn=(536) exit
calls=1 99 
* 5741
106 2

fl=(73) /usr/src/debug/glibc-2.12-2-gc4ccff1/misc/sbrk.c
fn=(356) sbrk
35 150
+8 207
+4 60
+4 105
+3 27
cfi=(74) /usr/src/debug/glibc-2.12-2-gc4ccff1/misc/../sysdeps/unix/sysv/linux/x86_64/brk.c
cfn=(358) brk
calls=27 -25 
* 324
-3 54
+7 180
-14 2
cfi=(74)
cfn=(358)
calls=1 -15 
* 12
* 4
+9 2
-2 4

fl=(100) /usr/src/debug/glibc-2.12-2-gc4ccff1/nptl/../nptl/sysdeps/unix/sysv/linux/unregister-atfork.c
fn=(574) __unregister_atfork
37 3
-8 9
+11 6
+1 12
+5 3
-6 6
+82 6

fl=(72) /usr/src/debug/glibc-2.12-2-gc4ccff1/malloc/morecore.c
fn=(354) __default_morecore
48 30
+1 30
cfi=(73)
cfn=(356)
calls=30 -14 
* 1131
+1 90
+3 60

fl=(48) /usr/src/debug////////glibc-2.12-2-gc4ccff1/string/../sysdeps/x86_64/strrchr.S
fn=(218) __GI_strrchr
26 1
+1 1
+1 1
+1 1
+1 1
+1 1
+1 1
+1 1
+1 1
+1 1
+1 1
+1 1
+1 1
+1 1
+1 1
+1 1
+1 1
+1 1
+1 1
+1 1
+1 1
+1 1
+1 1
+13 1
+1 1
+1 1
+1 1
+7 1
+1 1
+1 1
+1 1
+1 1
+1 1
+1 1

fl=(101) /usr/src/debug/glibc-2.12-2-gc4ccff1/posix/../sysdeps/unix/sysv/linux/_exit.c
fn=(640) _Exit
29 2
+4 1
+2 2

fl=(61) /usr/src/debug/glibc-2.12-2-gc4ccff1/setjmp/sigjmp.c
fn=(324) __sigjmp_save
30 1
-1 2
+1 2
+5 1
-5 1
+5 2

fl=(93) /usr/src/debug////////glibc-2.12-2-gc4ccff1/misc/../sysdeps/unix/syscall-template.S
fn=(452) mmap
82 10
+1 2

fl=(69) /usr/src/debug/glibc-2.12-2-gc4ccff1/misc/../sysdeps/unix/sysv/linux/getpagesize.c
fn=(344) getpagesize
35 5
+16 1

fl=(99)
fn=(572)
31 6
+18 3
-18 3
+18 3
-18 15
+4 12
+4 18
-4 9
+32 12
+4 18
-4 9
+12 6
+3 3
-2 3
+2 18
-2 3
cfi=(100)
cfn=(574)
calls=3 -43 
* 45

fl=(59)
fn=(320)
34 1
+2 1
cfi=(60) /usr/src/debug////////glibc-2.12-2-gc4ccff1/setjmp/../sysdeps/x86_64/setjmp.S
cfn=(322) __sigsetjmp
calls=1 -10 
* 27

fl=(60)
fn=(322)
26 1
+2 1
+1 2
+1 1
+4 1
+1 1
+1 1
+1 1
+1 1
+2 2
+2 1
+1 1
+2 2
+2 1
+9 1
cfi=(61)
cfn=(324)
calls=1 -26 
* 9

fl=(68)
fn=(342)
467 6
+8 3
631 7
476 1
-66 1
+2 1
+1 1
+1 1
+1 1
cfi=(69)
cfn=(344)
calls=1 35 
* 6
519 1
415 1
+96 1
-93 1
+1 1
+91 1
+1 1
+8 1
+8 2
+1 1
-3 1
+3 1
-1 1
+1 10
cfi=(71)
cfn=(348)
calls=1 117 
* 9
+11 2
+2 5
+16 2
382 112
+16 56
-18 171
622 2
+5 2
+1 2
+2 2
521 5
cfi=(70) /usr/src/debug/glibc-2.12-2-gc4ccff1/elf/dl-addr.c
cfn=(346) _dl_addr
calls=1 127 
* 59453
-2 2
+2 1
-2 2
382 14

fl=(51) /usr/src/debug/glibc-2.12-2-gc4ccff1/stdlib/bsearch.c
fn=(228) bsearch
27 104
+7 162
+2 54
+2 54
-2 54
+1 216
+1 108
cfi=(50)
cfn=(230) intel_02_known_compare
calls=54 152 
* 378
+1 108
+2 8
+1 8
-8 24
+14 72

fl=(97)
fn=(536)
99 5
-57 3
+36 3
-32 1
+32 1
-32 1
+32 3
-32 1
+32 1
-32 1
+3 2
+1 5
+33 1
+1 1
-1 1
+1 1
+7 6
cfi=(85)
cfn=(630) _IO_cleanup
calls=1 1007 
* 283
* 3
+2 2
cfi=(101)
cfn=(640)
calls=1 -64 
* 5
-19 1
+4 1
-4 2
+4 1
-2 2
+2 1
cob=(1)
cfi=(98)
cfn=(538)
calls=1 +55 
* 5402
* 1

fl=(88)
fn=(426)
53 9
+10 3
+2 2
fi=(89) /usr/src/debug/glibc-2.12-2-gc4ccff1/string/../string/str-two-way.h
273 1
fe=(88)
89 9
-26 3

fl=(85)
fn=(444)
419 2
+1 2
-1 2
+1 2
+6 4
-4 4
+1 6
cfi=(91) /usr/src/debug/glibc-2.12-2-gc4ccff1/libio/filedoalloc.c
cfn=(446) _IO_file_doallocate
calls=2 88 
* 165
* 4

fn=(630)
1007 1
+3 1
-3 4
+3 1
cfn=(632) _IO_flush_all_lockp
calls=1 823 
* 93
-59 1
+59 1
-59 2
+11 2
-9 16
+1 3
-1 9
+9 13
+7 5
+10 5
cfi=(86)
cfn=(634)
calls=1 445 
* 78
+2 2
+6 4
-36 12
+71 7
-51 1
+4 1
-4 1
+2 1
+2 1
-2 1
+3 1
-2 1
+2 3
+6 12

fn=(418)
104 8
+1 6
+4 1
-2 2
+2 5
+1 11
+1 1
+1 15
+4 1
+2 1
-4 1
+1 1
-1 1
+4 7
+2 1
-1 1
+1 9
+1 2
+3 8
-6 6

fn=(412) _IO_no_init
648 9
+1 1
cfn=(414) _IO_old_init
calls=1 -13 
* 24
+3 1
-2 1
+2 1
+2 1
+1 1
+1 1
+1 1
+1 1
+1 1
+1 1
+1 1
+1 1
+1 1
+1 1
+1 1
+2 1
+3 1
+1 6

fn=(414)
636 1
-21 1
+1 1
-1 1
+2 1
+1 1
+1 1
+17 1
-16 1
+1 1
+1 1
+1 1
+1 1
+1 1
+2 1
+1 1
+1 1
+1 1
+1 1
+5 1
+1 4

fn=(438) __uflow
368 3
+2 3
-2 3
+2 7
+6 9
+3 12
+2 9
+6 6
+5 6
+2 6
+1 3
-1 6
cfn=(440) _IO_default_uflow
calls=3 +46 
* 345
-24 4

fn=(440)
440 3
-1 6
+1 3
cfi=(86)
cfn=(442)
calls=3 +97 
* 313
+1 6
+2 8
+1 6

fn=(632)
823 2
+6 1
-6 6
+6 2
+6 1
-1 1
+2 2
-2 1
+2 3
+33 2
+4 9
-37 11
+6 3
-4 3
+4 7
-4 1
+4 2
+14 4
-2 4
+2 4
+7 8
-21 16

fn=(456)
188 6
-1 6
+1 3
+3 9
+5 3
-1 6
+1 3
+7 3
-4 3
+2 9
+2 3
+2 6

fn=(636)
562 5
+1 1
-1 2
+1 1
cfi=(86)
cfn=(638)
calls=1 891 
* 13
* 2
+2 2
+2 1
+1 5
cfn=(454) _IO_setb
calls=1 404 
* 19
+7 3
+1 3
+2 6

fn=(514) __overflow
246 543
+1 1
+1 3
cfi=(86)
cfn=(516)
calls=1 829 
* 162
* 540
cfi=(86)
cfn=(516)
calls=180 829 
* 6640

fn=(454)
404 12
+1 3
-1 3
+1 8
+4 3
-2 3
+1 3
+1 3
+3 1
+1 4
-3 2
+3 8

fl=(44)
fn=(210)
52 6
+6 1
-6 2
+6 2
+17 1
fi=(46) /usr/src/debug/glibc-2.12-2-gc4ccff1/csu/../sysdeps/unix/sysv/linux/x86_64/init-first.c
-40 2
fe=(44)
+38 1
+1 1
fi=(46)
-41 2
fe=(44)
+42 1
fi=(46)
-42 3
+2 1
cfi=(45) /usr/src/debug/glibc-2.12-2-gc4ccff1/elf/../sysdeps/unix/sysv/linux/dl-vdso.c
cfn=(212) _dl_vdso_vsym
calls=1 -8 
* 8
+8 1
-5 2
+5 1
-5 1
+2 2
+1 1
+2 1
cfi=(45)
cfn=(212)
calls=1 -16 
* 8
fe=(44)
+46 3
fi=(46)
-45 2
+1 1
fe=(44)
+44 1
cfi=(47) /usr/src/debug/glibc-2.12-2-gc4ccff1/misc/init-misc.c
cfn=(216) __init_misc
calls=1 -58 
* 58
+8 1
cfi=(49)
cfn=(220)
calls=1 -78 
* 2009
+2 6
-32 1
-9 1
+9 4

fl=(47)
fn=(216)
31 3
+1 1
-1 1
+1 4
+2 3
cfi=(48)
cfn=(218)
calls=1 -8 
* 34
+1 2
+3 3
+1 3
+2 4

fl=(66)
fn=(338) malloc
3619 35428245
+5 14171298
+1 14171298
+3 14171296
+33 56685184
+3 21256944
cfn=(350) _int_malloc
calls=7085648 4280 
* 413458141
+1 7085648
-1 7085648
+1 7085648
+21 28342592
+4 42513888
-64 1
+64 4
-64 1
cfi=(67)
cfn=(340)
calls=1 36 
* 60962

fn=(339)
3619 5
+5 2
+1 2
+3 2
+33 8
+3 3
cfn=(350)
calls=1 4280 
* 1025
+1 1
-1 1
+1 1
+21 4
+4 6

fn=(502) _int_free
4802 63581391
+15 7064599
-15 7064599
+15 14129198
+6 42387594
+17 14129198
+13 14129198
+11 7064574
+1 7064574
-1 14129148
+1 7064574
-1 14129148
+29 21193722
+3 21193722
+1 14129148
+1 7064574
+4 7064574
-4 7064574
+10 49452018
+9 28258296
+2 7064574
+2 42387444
+2 14129148
5117 56516592
4952 50
+2 100
+19 75
+6 25
-10 25
+10 25
+8 75
+7 50
-1 25
+1 50
+7 75
+4 50
+1 1
+2 1
-1 1
+2 10
+3 50
+5 48
+12 24
+1 24
+1 48
+7 24
-2 24
+1 24
+1 24
+2 2
+1 2
+2 2
+3 2
-2 2
+2 2
+1 2
-1 2
+31 4
-34 22
+3 22
-2 22
+2 22
+1 22
-1 22
+31 46
+1 4
+3 6
4963 200
+58 48
+62 10
3469 2
+4 14
+2 4
+6 3
cfi=(72)
cfn=(354)
calls=1 48 
* 27
* 1
+1 4
+12 3
cfi=(72)
cfn=(354)
calls=1 48 
* 49
+2 2
+1 2
+2 2
cfi=(72)
cfn=(354)
calls=1 48 
* 27
+2 2
+3 2
+3 2
-1 1
+1 3
5098 75
+2 100
+17 200
-59 1
+2 1
-1 4
+20 4
cfn=(352) malloc_consolidate
calls=2 +59 
* 526963
* 2
-98 25
-2 25
+2 50
-2 50

fn=(352)
5138 72
+22 18
+1 24
+2 8
+17 8
+2 16
+3 16
+4 16
-4 144
+4 201
+25 4601
-1 4601
+1 41520
+4 33562
+4 33562
-3 33562
+1 33562
+2 33562
+1 535
+1 535
+3 535
+1 535
+1 535
-2 535
+3 535
-3 535
+12 535
-3 535
+3 535
-12 33027
+1 33027
+1 33027
-2 33027
+3 33027
-3 33027
+12 33027
-3 33027
+3 33028
-3 1
+3 1
-41 33563
-3 33563
+3 67126
+1 33563
+1 67126
+2 67126
+1 6077
+2 6077
-1 6077
+2 62237
+3 67126
+3 67124
+4 57922
+26 304
-7 1
+1 1
-1 3
2481 3
+5 3
+5 1
+2 1
-2 1
+2 1
5248 72
2482 1
5134 2
2482 3
-2 2
+2 378
-2 253
+10 3

fn=(350)
4280 63770841
+30 56685192
+8 14171298
+1 21256866
+1 7085622
+2 7085622
+4 14171244
-6 6998491
+9 13996982
-9 6998491
+9 20995473
+1 6998491
-1 6998491
+1 13996982
+5 34992455
4715 7001830
-1 7001830
+1 14003660
+75 63770841
4363 174316
+1 87155
+1 87155
-1 87155
+1 87155
-1 87155
+1 174310
+2 261465
+1 4476
+3 2237
+1 4474
+6 2237
+1 2237
+2 2237
-4 2237
+4 4474
+23 26
+1 9
+1 4
cfn=(352)
calls=1 5138 
* 484458
* 2
4764 1
-2 1
+2 2
-2 1
+2 3
-2 1
+2 10
4448 1
4764 5
4425 1
4764 3
4433 1
4764 1
4448 1
4764 2
4425 1
4764 84920
-2 84920
+2 169840
-2 84920
+2 254760
-2 84920
+2 849200
4448 84920
4764 424600
4425 84920
4764 254760
4433 84920
4764 84920
4448 84920
4764 169840
4425 84920
4764 10
4425 5
+69 13100
+1 13100
+1 65500
-1 13100
+1 13100
-1 13100
+1 26200
+45 13100
+4 13100
-3 13100
-1 13100
+7 13100
-5 13100
+1 13100
+1 13100
+3 13100
4425 294075
+3 13342
-2 13342
+1 53368
+8 13342
+10 33368
+35 13339
-5 13339
+1 13339
+4 13339
+13 26200
-46 415
-2 1648
+6 3
+1 6
+4 3
-3 6
+1 3
+1 6
+1 3
+6 3
+3 3
-3 3
+6 3
-6 15
+2 3
-2 3
+7 3
-5 6
+5 9
+88 254052
+71 84684
+4 84684
-4 84684
+2 84684
-1 84684
+3 84684
-2 84684
+2 84684
-1 84684
-2 84684
+3 84684
-1 84684
-2 169368
+8 422593
+2 1005822
+2 1005812
+8 449
+1 449
-2 2642
+7 872
+3 1744
+1 9
+1 9
+1 9
-2 27
+60 9
+18 83821
+1 83821
-1 83821
+1 83821
+2 167642
+18 62
+1 25
cfn=(352)
calls=5 5138 
* 85835
+5 5
-3 20
+3 5
-3 5
4482 239
-1 239
+1 478
+76 12
+3 9
4749 83790
+1 335264
-85 863
+8 1726
-8 863
+5 1726
+3 6904
+3 1726
+13 406
+1 812
-6 406
+17 406
-6 406
+1 406
+2 406
-1 406
+4 406
+1 406
+1 812
+5 406
+3 406
-3 2436
+2 812
-2 406
+2 812
4404 22
-78 13996982
4678 457
-1 457
+1 1371
4369 4
cfn=(352)
calls=1 5138 
* 670
* 3
2992 52
+13 26
-13 26
+13 26
3109 78
3422 78
+1 26
+8 104
+4 52
-2 26
+2 52
-1 26
+1 52
+1 26
-1 26
+1 26
+2 26
-3 52
+1 26
4785 78
-41 167580
-2 83790
+2 167580
-1 83790
+1 167580
+2 83790
-2 83790
+2 83790
-2 167580
+2 167580
3076 52
+95 26
+19 26
-19 26
+8 26
-8 104
+19 130
+8 26
-8 26
+8 26
+1 130
cfi=(72)
cfn=(354)
calls=26 48 
* 1211
+2 26
-2 26
+2 78
+2 52
+1 52
4786 52
3249 52
+1 1
+1 2
3086 1
3257 1
-6 1
+6 1
-6 50
3086 25
3257 25
-6 25
+6 75
+1 125
-32 2
+34 7
+42 5
+19 1
+7 2
-4 1
+4 1
-4 1
+1 4
+3 2
cfi=(72)
cfn=(354)
calls=1 48 
* 27
+12 4
+5 2
+1 2
4786 1
3365 1
-1 1
+1 3
+1 1
+11 2
-84 2

fn=(500) free
3702 14129198
+1 14129198
+5 14129198
+6 7064599
-3 7064599
+3 14129198
+15 21193797
+2 14129198
cfn=(502)
calls=7064599 4802 
* 487985225

fl=(58)
fn=(292) __new_exitfn
73 1
+6 1
-6 1
+6 5
+2 5
+2 3
-2 1
+10 1
-10 3
+45 1
+1 1
+3 4
+3 3
-35 2
+14 1
+1 2

fn=(290)
57 2
-22 1
+22 5
-22 1
cfn=(292)
calls=1 +38 
* 35
+2 3
+4 2
+3 1
-1 1
+2 1
+2 2
+12 6

fl=(84) /usr/src/debug/glibc-2.12-2-gc4ccff1/libio/../libio/iofopen.c
fn=(408) __fopen_internal
68 7
+8 1
-8 1
+8 1
cfi=(66)
cfn=(338)
calls=1 3619 
* 178
* 1
+2 1
-2 1
+2 1
+3 1
+3 5
-3 1
+3 1
cfi=(85)
cfn=(412)
calls=1 648 
* 57
+4 1
+1 1
-1 1
+1 1
cfi=(86)
cfn=(416)
calls=1 +58 
* 90
+4 5
cfi=(86)
cfn=(420)
calls=1 257 
* 112
* 2
+2 1
+5 5
-5 1
cfn=(430) __fopen_maybe_mmap
calls=1 -50 
* 4

fn=(406) fopen@@GLIBC_2.2.5
107 2
cfn=(408)
calls=1 -39 
* 481

fn=(430)
45 1
-2 1
+2 1
+15 1

fl=(45)
fn=(212)
27 2
+1 4
+4 4
+14 2
+4 4

fl=(81) /usr/src/debug////////glibc-2.12-2-gc4ccff1/string/../sysdeps/x86_64/memcpy.S
fn=(386) memcpy
56 21049
+2 21049
+2 21049
+3 21049
+1 21049
+2 11959
+1 11959
+2 11959
+1 11959
+5 11959
+1 11959
-1 9090
+1 9090
+2 990
+1 990
+2 990
+1 1980
+5 990
+1 990
-1 20059
+1 20059
+2 20049
+1 20049
+2 20049
+1 20049
+5 20049
+1 20049
-1 1000
+1 1000
+11 21049
+1 21049
+23 21049

fl=(82)
fn=(394)
27 1
+1 1
+2 1
+1 1
+1 1
+1 1
+1 1

fl=(83) /usr/src/debug////////glibc-2.12-2-gc4ccff1/string/../sysdeps/x86_64/memset.S
fn=(396) __GI_memset
44 1414835
+1 1414835
+1 1414835
+4 1414835
+1 1414835
+1 1414835
+1 1414835
+2 1414835
+1 1414835
+2 1414825
+5 1414825
+1 1414825
+1 1414825
+1 1414825
+1 1414825
327 5
+1 5
+1 5
+1 5
+1 5
+1 5
+1 5
+1 5
+1 5
+1 5
+1 5
+1 5
+1 5
+1 5
-10 57745
+1 57745
+1 57745
+1 57745
+1 57745
+1 57745
+1 57745
+1 57745
+1 57745
+1 57745
+1 57745
-9 20050
+1 20050
+1 20050
+1 20050
+1 20050
+1 20050
+1 20050
+1 20050
+1 20050
+1 20050
-8 402
+1 402
+1 402
+1 402
+1 402
+1 402
+1 402
+1 402
+1 402
-7 1281
+1 1281
+1 1281
+1 1281
+1 1281
+1 1281
+1 1281
+1 1281
-6 456
+1 456
+1 456
+1 456
+1 456
+1 456
+1 456
-5 434
+1 434
+1 434
+1 434
+1 434
+1 434
-4 13739
+1 13739
+1 13739
+1 13739
+1 13739
-3 35775
+1 35775
+1 35775
+1 35775
-2 10576
+1 10576
+1 10576
-1 3175
+1 3175
+58 13
+1 13
+2 13
+1 13
+1 13
+1 13
+1 13
+1 13
+1 13
+1 13
+1 13
+1 13
+1 13
+1 13
+1 13
+1 13
+1 13
+1 13
+1 13
-12 1
+1 1
+1 1
+1 1
+1 1
+1 1
+1 1
+1 1
+1 1
+1 1
+1 1
+1 1
+1 1
-10 115972
+1 115972
+1 115972
+1 115972
+1 115972
+1 115972
+1 115972
+1 115972
+1 115972
+1 115972
+1 115972
-9 3
+1 3
+1 3
+1 3
+1 3
+1 3
+1 3
+1 3
+1 3
+1 3
-8 22056
+1 22056
+1 22056
+1 22056
+1 22056
+1 22056
+1 22056
+1 22056
+1 22056
-7 510
+1 510
+1 510
+1 510
+1 510
+1 510
+1 510
+1 510
-6 49
+1 49
+1 49
+1 49
+1 49
+1 49
+1 49
-5 231
+1 231
+1 231
+1 231
+1 231
+1 231
-4 1323
+1 1323
+1 1323
+1 1323
+1 1323
-3 319524
+1 319524
+1 319524
+1 319524
-2 811505
+1 811505
+1 811505
+87 10
+1 10
+1 10
+1 10
+1 10
+1 10
+1 10
+5 10
+1 10
+1 10
+1 10
+1 10
+85 10
+1 10
+2 10
+1 10
+77 1
+1 1
+1 1
+1 1
+1 1
+1 1
+53 1
+1 1
+1 1
+1 1
+1 1
+1 1
+1 1
+1 1
+1 1
+59 8
+1 8
+1 8
+54 10
+1 10
+1 20
+4 10
+1 10
+1 10
+1 10
+1 10
+1 10
+1 10
+1 10
+1 10
+1 10
+2 10
+1 10
-12 947
+1 947
+1 947
+1 947
+1 947
+1 947
+1 947
+1 947
+1 947
+1 947
+2 947
+1 947
+1 10
+5 10
+1 10
+1 10
+1 10
+1 10

fl=(92)
fn=(450)
37 2
-1 2
+1 2
+1 12
+4 2

fl=(74)
fn=(358)
29 28
+3 168
+2 84
+7 56

fl=(70)
fn=(346)
127 9
+5 1
-5 2
+5 2
cob=(1)
cfi=(2)
cfn=(42)
calls=1 836 
* 2
+3 5
+1 4
+1 18
31 2
+1 2
+3 3
+5 1
+6 1
-6 1
+1 3
+2 3
+3 1
+5 3
+74 1
-74 1
+74 4
-72 1
+19 1
-18 2
-1 1010
+19 1010
-18 2020
+2 3600
+14 1257
+2 3771
-10 2514
+1 1257
-1 4314
+1 900
-1 1800
+2 4314
-2 4314
+3 6462
-3 5538
+3 615
-3 1278
+3 16
-3 32
+3 599
-3 3355
+10 5325
-21 4042
+85 12
-36 2
+1 2
+1 2
+3 2
+41 2
cob=(1)
cfi=(2)
cfn=(44)
calls=1 842 
* 2
+3 9
-32 1
+1 3

fl=(96) /usr/src/debug/glibc-2.12-2-gc4ccff1/libio/fputc.c
fn=(512) fputc
35 181
+3 181
-3 362
+3 2534
+1 543
fi=(94) /usr/src/debug/glibc-2.12-2-gc4ccff1/libio/libioP.h
968 362
+1 1991
fe=(96)
42 543
-3 543
cfi=(85)
cfn=(514)
calls=181 246 
* 7889
* 362

fl=(90) /usr/src/debug/glibc-2.12-2-gc4ccff1/libio/getc.c
fn=(436) getc
37 120441
+3 120441
-3 120441
+3 1686174
+1 722637
fi=(94)
968 240882
+1 1324851
fe=(90)
44 361323
-3 6
cfi=(85)
cfn=(438)
calls=3 368 
* 422
* 6

fl=(50)
fn=(224) handle_intel
307 4
+9 2
-9 16
+8 2
+1 4
+8 4
+5 2
-5 4
+5 2
+7 10
cfn=(226) intel_check_word
calls=2 163 
* 1564
+1 4
+3 10
cfn=(226)
calls=2 163 
* 194
+1 4
-10 2
+1 2
-1 4
+27 16

fn=(226)
163 44
+1 8
+8 4
-2 32
+14 20
+53 16
+36 40
-1 8
+1 8
cfi=(51)
cfn=(228)
calls=8 27 
* 1350
+2 16
+22 8
172 16
+2 10
+2 20
-4 2
302 32
196 10
+5 15
-5 2
+11 10
+23 3
-34 15
+5 6
+4 8
+2 10
+8 2
+2 4
+2 28
-12 3
-6 1
-5 1
+9 2
+2 4

fn=(222)
538 4
+13 3
+7 2
747 5
560 3
cfn=(224)
calls=1 307 
* 900
+4 2
-4 1
+4 1
cfn=(224)
calls=1 307 
* 950
+2 1
-2 1
+2 2
+29 1
-18 1
+18 3
+7 6
+6 2
-6 12
+6 6
+3 20
+2 1
+6 6
+7 1
-7 1
+38 2
+75 2
+3 2
+1 1
+1 1
-1 2
+4 2
+3 2
+1 1
+1 1
-1 3
-86 7
-1 3
-31 8
+2 2
+2 8
+2 4
+5 1
+2 2
+1 1
-1 1
+1 4
+1 1

fn=(230)
152 216
+3 108
+1 54

fl=(78) /usr/src/debug/glibc-2.12-2-gc4ccff1/io/../sysdeps/unix/sysv/linux/wordsize-64/xstat.c
fn=(370) _xstat
37 1
-1 1
+1 1
+1 6
+4 1

fl=(87)
fn=(524)
82 14
cfn=(526) __write_nocancel
calls=7 * 
* 35

fn=(424) __open_nocancel
82 5

fn=(460)
82 6
cfn=(462) __read_nocancel
calls=3 * 
* 15

fn=(526)
82 35

fn=(462)
82 15

fn=(422)
82 2
cfn=(424)
calls=1 * 
* 5

fl=(41) /usr/src/debug/glibc-2.12-2-gc4ccff1/csu/../sysdeps/x86_64/multiarch/init-arch.c
fn=(166) __init_cpu_features
53 1
-8 1
+8 1
+3 1
-3 1
+3 3
+70 1
+1 1
+2 1
+1 2
-74 2
+9 1
-33 3
+6 1
-6 1
+6 1
-6 1
+7 1
+30 1
-30 1
-7 1
+37 1
-31 1
+27 2
-26 1
+30 1
+1 1
-38 1
+32 1
+6 1
+5 2
+3 1
+1 2
+11 2
+12 4
-23 9

fl=(91)
fn=(446)
88 8
+15 12
cfi=(86)
cfn=(448)
calls=2 1225 
* 28
* 4
+2 8
+11 3
+1 6
+3 12
cfi=(93)
cfn=(452)
calls=2 -38 
* 12
* 6
+1 8
cfi=(85)
cfn=(454)
calls=2 404 
* 34
* 2
+2 8
-13 1
fi=(103) /usr/src/debug/glibc-2.12-2-gc4ccff1/libio/../sysdeps/unix/sysv/linux/sys/sysmacros.h
-65 6
fe=(91)
+65 1
-2 2
+8 1
-3 1
+3 2

fl=(40)
fn=(168)
124 1
+1 1
+3 1
+1 1
+1 1
+5 1

fn=(164)
106 1
+1 1
+1 1
cfi=(41)
cfn=(166)
calls=1 -55 
* 57
+2 1
+1 1
+1 1
+5 1

ob=(7)
fl=(63) /h/dbessy01/Desktop/Profile /Version 1/um.c
fn=(328) run
236 8
cfi=(64) /h/dbessy01/Desktop/Profile /Version 1/on_disk.c
cfn=(330) boot_up_memory
calls=1 60 
* 29839643
* 2
61 3
243 2
cfi=(65) /h/dbessy01/Desktop/Profile /Version 1/segment_memory.c
cfn=(486) get_operator
calls=1 46 
* 214
73 5
cfi=(95) /g/40/2015s/www/solutions/bitpack.c
cfn=(470) Bitpack_getu
calls=1 +10 
* 36
* 2
+3 4
+1 2
cfi=(95)
cfn=(470)
calls=1 +6 
* 36
* 3
+1 2
cfi=(95)
cfn=(470)
calls=1 +5 
* 36
* 5
250 97661097
77 65107398
cfi=(95)
cfn=(470)
calls=32553699 +6 
* 1171933164
* 97661097
+1 65107398
cfi=(95)
cfn=(470)
calls=32553699 +5 
* 1171933164
* 97661097
255 32553699
-68 255211563
+64 255211563
96 8239257
+1 7386690
+6 116767824
cfi=(65)
cfn=(488) get_word
calls=19461304 +32 
* 12459284435
* 19461304
+7 129605984
cfi=(65)
cfn=(480) write_word
calls=16200748 +33 
* 10118529861
* 16200748
+6 15705200
+5 524575
+5 851680
-29 66281610
+34 21479450
-15 22625535
+21 5659336
cfi=(65)
cfn=(374) map_segment
calls=1414834 -57 
* 2362560190
* 4244502
+6 5640180
cfi=(65)
cfn=(490) unmap_segment
calls=1410045 -24 
* 1524829336
* 1410045
+5 724
cob=(3)
cfi=(96)
cfn=(512)
calls=181 35 
* 15491
cob=(1)
cfi=(55)
cfn=(282)
calls=1 30 
* 1419
* 185
* 181
+17 7142218
+1 14284436
+8 97661100
+79 255211563
cfi=(65)
cfn=(486)
calls=85070521 46 
* 60005387217
73 425352605
cfi=(95)
cfn=(470)
calls=85070521 +10 
* 3062538756
* 360245207
+8 105033644
cfi=(95)
cfn=(470)
calls=52516822 +2 
* 1890605592
* 157550466
+1 105033644
cfi=(95)
cfn=(470)
calls=52516822 +1 
* 1890605592
* 157550466
+1 105033644
cfi=(95)
cfn=(470)
calls=52516822 * 
* 1890605592
* 52516822
250 105033644
+5 105033642
+2 2
cfi=(65)
cfn=(528) free_memory
calls=1 51 
* 6774925
+1 8

fl=(64)
fn=(330)
60 8
+2 1
cfi=(65)
cfn=(332) initialize_memory
calls=1 -26 
* 68923
* 3
fi=(79) /usr/include/sys/stat.h
457 2
cob=(3)
cfi=(78)
cfn=(370)
calls=1 37 
* 10
cob=(1)
cfi=(55)
cfn=(282)
calls=1 30 
* 1548
* 5
* 1
fe=(64)
64 1
+5 3
+5 4
cfi=(65)
cfn=(374)
calls=1 +6 
* 15308
-45 3
cob=(3)
cfi=(84)
cfn=(406)
calls=1 +78 
* 483
cob=(1)
cfi=(55)
cfn=(282)
calls=1 +1 
* 1321
* 5
* 1
+4 2
cob=(3)
cfi=(90)
cfn=(436)
calls=1 +4 
* 247
cob=(1)
cfi=(55)
cfn=(282)
calls=1 -3 
* 1394
* 5
+36 2
-26 6
+1 1
+1 3
cfi=(95)
cfn=(466) Bitpack_news
calls=1 +60 
* 133
-1 120439
+1 361317
cfi=(95)
cfn=(466)
calls=120439 +60 
* 15867837
* 120440
+2 511870
+1 120440
cfi=(65)
cfn=(480)
calls=30110 +95 
* 6473650
+1 30110
+3 30110
+2 30110
-1 90330
+2 60220
cob=(3)
cfi=(90)
cfn=(436)
calls=30110 -18 
* 1174507
* 30110
-3 90330
+2 90330
-1 270990
+2 180660
cob=(3)
cfi=(90)
cfn=(436)
calls=90330 -18 
* 3522870
cob=(1)
cfi=(55)
cfn=(282)
calls=1 -25 
* 1447
* 90334
+1 120440
-13 361320
+36 9

fl=(77) /usr/sup/src/cii40/src/stack.c
fn=(506) Stack_pop
34 8460270
+4 2820090
-4 2820090
+5 4230135
+1 5640180
+1 7050225
+1 4230135
+1 7050225
cfi=(76) /usr/sup/src/cii40/src/mem.c
cfn=(494) Mem_free
calls=1410045 -7 
* 138184410
* 1410045
+1 1410045
+1 2820090

fn=(534) Stack_free
46 6
+2 4
-2 1
+3 7
+4 6
cfi=(76)
cfn=(494)
calls=1 -17 
* 98
* 2
+1 2

fn=(376) Stack_empty
21 8586570
+2 7155475
+1 2862190

fn=(364) Stack_new
14 3
+2 4
cfi=(76)
cfn=(362) Mem_alloc
calls=1 -8 
* 210
* 1
+1 2
+1 2
+1 1
+1 2

fn=(504) Stack_push
25 9870315
+3 5640180
cfi=(76)
cfn=(362)
calls=1410045 -20 
* 155104950
* 1410045
+1 4230135
+1 5640180
+1 4230135
+1 7050225
+1 2820090

fl=(80) /usr/sup/src/cii40/src/atom.c
fn=(380) Atom_new
79 1112288076
+6 370762692
+1 2499061890
-1 1139704812
+2 123587564
+1 741525384
+1 7030724496
+1 343464204
+1 220855077
-1 4406009505
+2 515196306
+1 370699545
-5 8417748173
+7 147343
cfi=(76)
cfn=(362)
calls=21049 -87 
* 4377947
* 21049
+1 63147
+1 84196
+1 42098
+1 168392
cob=(3)
cfi=(81)
cfn=(386)
calls=21049 -43 
* 427668
cob=(1)
cfi=(55)
cfn=(282)
calls=1 -69 
* 1391
* 21053
+1 126294
+1 126294
+1 105245
+1 42098
+1 247175128

fn=(378) Atom_int
62 494350256
+2 370762692
+2 370762692
+2 247175128
+3 247175128
+2 2100988588
+1 1235875640
-1 1167015422
+1 686479660
+1 247175128
+2 1483050768
cfn=(380)
calls=123587564 +2 
* 27544557067
+1 247175128

fl=(95)
fn=(472) Bitpack_newu
93 1083960
+1 120440
+1 240880
+1 361320
cfn=(474) Bitpack_fitsu
calls=120440 -31 
* 963520
* 240880
-64 240880
-10 120440
+11 120440
+3 361320
-12 240880
+75 240880
-79 240880
+14 120440
-13 120440
+3 180660
+12 270990
+65 90330
-1 180660
+1 180660
-1 90330
-1 90330
+2 90330
-3 90330
+3 210770
-1 60220
+1 60220
-1 30110
-1 30110
+2 30110
-3 30110
+3 60220

fn=(468) Bitpack_fitss
57 120440
+1 120440
-1 120440
+2 120440
-38 120440
+38 120440
-38 240880
+3 361320
+36 240880
+1 120440

fn=(466)
105 481760
+1 120440
-1 602200
+1 120440
cfn=(468)
calls=120440 -49 
* 1686160
* 240880
+3 481760
cfn=(470)
calls=120440 -26 
* 4335840
+1 120440
-1 240880
+1 361320
-1 240880
+1 120440
-1 120440
cfn=(472)
calls=120440 -16 
* 6594090

fn=(470)
83 1847092968
+1 307848828
-1 307848828
+2 615697656
+2 1231395312
-67 307848828
+67 615697656
-67 307848828
+2 307848828
-1 307848828
+3 923546484
+8 615697656
+2 307848828
-1 307848828
+3 923546484
+52 1847092968

fn=(474)
65 120440
+1 120440
-1 120440
-29 240880
+32 240880
+1 120440

fl=(54)
fn=(304) 0x0000000000401030
0 15

fn=(314) 0x0000000000405ae0
0 12

fn=(550) 0x0000000000400f50
0 8

fn=(274)
0 11
cob=(3)
cfi=(57)
cfn=(288)
calls=1 96 
0 101046393729
cob=(1)
cfi=(55)
cfn=(282)
calls=1 30 
0 1797
0 5

fn=(544) 0x0000000000400fc0
0 14
cfn=(550)
calls=1 0 
0 8
0 5

fn=(298) 0x0000000000400f2c
0 6

fn=(294)
0 15
cob=(2)
cfi=(12)
cfn=(296) 0x0000000000400d30
calls=1 0 
0 39
0 10

fl=(75) /usr/sup/src/cii40/src/table.c
fn=(492) Table_remove
101 12690405
+5 7050225
+1 7050225
cfn=(400) hashatom
calls=1410045 -84 
* 9870315
* 9870315
+1 11280360
+1 13733757
cfn=(484) cmpatom
calls=1525973 -89 
* 15259730
* 3051946
+1 4230135
+1 4230135
+1 5640180
+1 7050225
cfi=(76)
cfn=(494)
calls=1410045 -77 
* 138185884
* 1410045
+1 7050225
+1 2820090
-7 6451676
+10 2820090

fn=(482) Table_get
48 1086864156
+5 603813420
cfn=(400)
calls=120762684 -30 
* 845338788
* 845338788
+1 1086864156
+1 12938542096
cfn=(484)
calls=1617317762 -35 
* 16173177620
* 3234635524
-1 7724300758
+2 120762684
+1 603813420
+1 241525368

fn=(484)
20 6592684608
+1 6592684608
+1 3296342304

fn=(532) Table_free
133 6
+1 4
-1 1
+2 5
+3 2
+1 5090
+1 14370
+1 23950
cfi=(76)
cfn=(494)
calls=4790 36 
* 469420
* 4790
-2 20178
-1 3059
+6 6
cfi=(76)
cfn=(494)
calls=1 36 
* 130
* 2
+1 2

fn=(388) Table_length
82 12
+2 4
+1 4

fn=(530) Table_toArray
119 5
+1 1
-1 2
+5 9
cfi=(76)
cfn=(362)
calls=1 8 
* 874777
* 1
+1 2
+1 4581
+1 38320
+1 38320
-2 24968
-1 2549
+5 6
+1 1
+1 2

fn=(398) Table_put
59 14148350
+6 7074175
cfn=(400)
calls=1414835 -42 
* 9903845
* 9903845
+1 12733515
+1 234619336
cfn=(484)
calls=29327417 -47 
* 293274170
* 58654834
-1 150881590
+3 2829670
+1 5659340
cfi=(76)
cfn=(362)
calls=1414835 -62 
* 157783699
* 1414835
+1 4244505
+1 12733515
+1 11318680
+1 7074175
+1 2829670
+3 4244505
+1 7074175
+1 1414835
+1 2829670

fn=(400)
23 370762692
+1 247175128
+1 247175128

fn=(360) Table_new
28 8
+6 9
+2 13
cfi=(76)
cfn=(362)
calls=1 -28 
* 192
* 1
+2 8
+1 5
+1 5
+1 4
+1 2
+1 3563
-1 2549
+2 2
+1 2
+1 1
+1 2

fl=(62)
fn=(326)
15 3
+5 2
cfi=(63)
cfn=(328)
calls=1 236 
* 101046387770
* 1
+2 2

fl=(76)
fn=(362)
8 22767456
+3 8537796
cob=(3)
cfi=(66)
cfn=(338)
calls=2845932 3619 
* 266914999
* 2845932
* 2845932
+1 5691864
+7 2845932
+1 5691864

fn=(494)
36 16949292
+1 5649764
+1 8474646
cob=(3)
cfi=(66)
cfn=(500)
calls=2824882 3702 
* 237290120
cob=(1)
cfi=(55)
cfn=(282)
calls=1 -8 
* 1470
* 2824886
+1 5649764

fl=(65)
fn=(480)
143 97385148
+1 32461716
cfi=(80)
cfn=(378)
calls=16230858 -82 
* 5798897189
+1 48692574
cfi=(75)
cfn=(482)
calls=16230858 -97 
* 4050181736
+1 32461716
+1 64923432

fn=(528)
51 8
+2 2
+1 2
+1 2
cfi=(75)
cfn=(388)
calls=1 +27 
* 10
* 1
+1 3
cfi=(75)
cfn=(530)
calls=1 +63 
* 983544
* 1
+6 5
+1 3
cob=(3)
cfi=(66)
cfn=(500)
calls=1 3702 
* 84
* 1
* 14367
cob=(3)
cfi=(66)
cfn=(500)
calls=4789 3702 
* 475974
* 4789
+1 9580
cob=(3)
cfi=(66)
cfn=(500)
calls=4790 3702 
* 402360
* 4790
-2 14370
-8 1
+13 2
cfi=(75)
cfn=(532)
calls=1 +66 
* 541015
+1 2
cob=(3)
cfi=(66)
cfn=(500)
calls=1 3702 
* 454128
* 1
+4 2
+1 32518
cfi=(77)
cfn=(506)
calls=16259 -39 
* 2146188
* 32518
cob=(3)
cfi=(66)
cfn=(500)
calls=16259 3702 
* 1365756
* 16259
-1 32518
cfi=(77)
cfn=(376)
calls=16259 -51 
* 211367
* 1
cfi=(77)
cfn=(376)
calls=1 -51 
* 13
* 32520
+3 2
cfi=(77)
cfn=(534)
calls=1 -29 
* 126
+1 7
cob=(3)
cfi=(66)
cfn=(500)
calls=1 3702 
* 84
* 1

fn=(374)
80 12733515
+8 2829670
cfi=(77)
cfn=(376)
calls=1414835 -67 
* 18392855
* 2829670
+7 42098
cfi=(80)
cfn=(378)
calls=21049 -33 
* 13631731
* 21049
+1 63147
+2 2
cfi=(75)
cfn=(388)
calls=1 -16 
* 10
* 2
+1 42098
-10 2787572
cfi=(77)
cfn=(506)
calls=1393786 -55 
* 183979752
* 1393786
+1 2787572
cfi=(80)
cfn=(378)
calls=1393786 -28 
* 642472821
* 1393786
+1 1393786
+1 2787572
cob=(3)
cfi=(66)
cfn=(500)
calls=1393786 3702 
* 117078024
* 1393786
* 1414835
+11 1414835
cob=(3)
cfi=(66)
cfn=(338)
calls=1414835 3619 
* 132252445
* 1414835
* 4244505
+2 4244505
cob=(3)
cfi=(66)
cfn=(338)
calls=1414835 3619 
* 132564059
* 1414835
* 4244505
+2 1414835
+1 5659340
+4 4244505
cob=(3)
cfi=(83)
cfn=(396)
calls=1414835 -68 
* 27539069
cob=(1)
cfi=(55)
cfn=(282)
calls=1 -82 
* 1458
* 1414839
+2 5659340
cfi=(75)
cfn=(398)
calls=1414835 -55 
* 1012644934
+1 12733515

fn=(488)
135 97306520
+1 38922608
cfi=(80)
cfn=(378)
calls=19461304 -74 
* 6922262303
+1 58383912
cfi=(75)
cfn=(482)
calls=19461304 -89 
* 5225641268
+2 116767824

fn=(490)
119 7050225
+2 2820090
cfi=(80)
cfn=(378)
calls=1410045 -59 
* 650173948
+1 4230135
cfi=(75)
cfn=(492)
calls=1410045 -21 
* 269745963
* 1410045
+2 2820090
cob=(3)
cfi=(66)
cfn=(500)
calls=1410045 3702 
* 118443900
* 1410045
+1 2820090
cob=(3)
cfi=(66)
cfn=(500)
calls=1410045 3702 
* 118443780
* 1410045
* 1410045
+3 1410045
cob=(3)
cfi=(66)
cfn=(338)
calls=1410045 3619 
* 129724140
* 1410045
* 4230135
+2 1410045
+1 8460270
cfi=(77)
cfn=(504)
calls=1410045 25 
* 195996255

fn=(332)
36 2
+1 1
cob=(3)
cfi=(66)
cfn=(338)
calls=1 3619 
* 60977
cob=(1)
cfi=(55)
cfn=(282)
calls=1 -7 
* 1335
* 5
* 4
+1 1
cfi=(75)
cfn=(360)
calls=1 -10 
* 6366
* 1
+1 1
cfi=(77)
cfn=(364)
calls=1 -25 
* 225
* 1
+1 1
+2 3

fn=(486)
46 510423132
+90 85070522
cfi=(80)
cfn=(378)
calls=85070522 -74 
* 22415105305
+1 255211566
cfi=(75)
cfn=(482)
calls=85070522 -89 
* 36229153774
+2 85070522
-92 425352610

ob=(6) /usr/lib64/libnetpbm.so.10.47
fl=(53) ???
fn=(590) 0x00000030f3a0b450
0 10
cob=(3)
cfi=(99)
cfn=(572)
calls=1 31 
0 62
cob=(1)
cfi=(55)
cfn=(282)
calls=1 30 
0 1529
0 5
0 13

fn=(260) 0x00000030f3a0b4d0
0 6

fn=(254) 0x00000030f3a0b430
0 6

fn=(266) 0x00000030f3a21bf0
0 11

ob=(4) /usr/sup/valgrind-3.9.0/lib/valgrind/vgpreload_core-amd64-linux.so
fl=(43) ???
fn=(204) 0x00000000000007a0
0 12

fn=(194) 0x0000000000000630
0 15

ob=(2)
fl=(12)
fn=(558)
0 2
cob=(4)
cfi=(43)
cfn=(560) 0x00000000000005b0
calls=1 0 
0 1283
0 2

fn=(186)
0 2
cob=(4)
cfi=(43)
cfn=(188) 0x0000000000000520
calls=1 0 
0 6
0 1
cob=(4)
cfi=(43)
cfn=(194)
calls=1 0 
0 16
0 1
cob=(4)
cfi=(43)
cfn=(204)
calls=1 0 
0 12
0 2

fn=(542)
0 2
cob=(7)
cfi=(54)
cfn=(544)
calls=1 0 
0 27
0 2

fn=(232)
0 2
cob=(5)
cfi=(52)
cfn=(234)
calls=1 0 
0 6
0 1
cob=(5)
cfi=(52)
cfn=(240)
calls=1 0 
0 6
0 1
cob=(5)
cfi=(52)
cfn=(246)
calls=1 0 
0 11
0 2

fn=(252)
0 2
cob=(6)
cfi=(53)
cfn=(254)
calls=1 0 
0 6
0 1
cob=(6)
cfi=(53)
cfn=(260)
calls=1 0 
0 6
0 1
cob=(6)
cfi=(53)
cfn=(266)
calls=1 0 
0 11
0 2

fn=(588)
0 2
cob=(6)
cfi=(53)
cfn=(590)
calls=1 0 
0 1619
0 2

fn=(608)
0 2
cob=(5)
cfi=(52)
cfn=(610)
calls=1 0 
0 1619
0 2

ob=(4)
fl=(43)
fn=(194)
0 1

fn=(560)
0 10
cob=(3)
cfi=(99)
cfn=(572)
calls=1 31 
0 62
cob=(1)
cfi=(55)
cfn=(282)
calls=1 30 
0 1183
0 5
0 9
cfn=(580) 0x0000000000000540
calls=1 0 
0 9
0 5

fn=(580)
0 9

fn=(188)
0 6

ob=(2)
fl=(12)
fn=(296)
0 2
cob=(7)
cfi=(54)
cfn=(298)
calls=1 0 
0 6
0 1
cob=(7)
cfi=(54)
cfn=(304)
calls=1 0 
0 15
0 1
cob=(7)
cfi=(54)
cfn=(314)
calls=1 0 
0 12
0 2

totals: 101046726745
